 0.001
0.0001
  0.01
 0.002
0.0002
  0.02
 0.003
0.0003
  0.03
 0.004
0.0004
  0.04
 0.005
0.0005
  0.05
 0.006
0.0006
  0.06
 0.007
0.0007
  0.07
 0.008
0.0008
  0.08
 0.009
0.0009
  0.09
 0.01
0.001
  0.1
 0.011
0.0011
  0.11
 0.012
0.0012
  0.12
 0.013
0.0013
  0.13
 0.014
0.0014
  0.14
 0.015
0.0015
  0.15
 0.016
0.0016
  0.16
 0.017
0.0017
  0.17
 0.018
0.0018
  0.18
 0.019
0.0019
  0.19
 0.02
0.002
  0.2
 0.021
0.0021
  0.21
 0.022
0.0022
  0.22
 0.023
0.0023
  0.23
 0.024
0.0024
  0.24
 0.025
0.0025
  0.25
 0.026
0.0026
  0.26
 0.027
0.0027
  0.27
 0.028
0.0028
  0.28
 0.029
0.0029
  0.29
 0.03
0.003
  0.3
 0.031
0.0031
  0.31
 0.032
0.0032
  0.32
 0.033
0.0033
  0.33
 0.034
0.0034
  0.34
 0.035
0.0035
  0.35
 0.036
0.0036
  0.36
 0.037
0.0037
  0.37
 0.038
0.0038
  0.38
 0.039
0.0039
  0.39
 0.04
0.004
  0.4
 0.041
0.0041
  0.41
 0.042
0.0042
  0.42
 0.043
0.0043
  0.43
 0.044
0.0044
  0.44
 0.045
0.0045
  0.45
 0.046
0.0046
  0.46
 0.047
0.0047
  0.47
 0.048
0.0048
  0.48
 0.049
0.0049
  0.49
 0.05
0.005
  0.5
 0.051
0.0051
  0.51
 0.052
0.0052
  0.52
 0.053
0.0053
  0.53
 0.054
0.0054
  0.54
 0.055
0.0055
  0.55
 0.056
0.0056
  0.56
 0.057
0.0057
  0.57
 0.058
0.0058
  0.58
 0.059
0.0059
  0.59
 0.06
0.006
  0.6
 0.061
0.0061
  0.61
 0.062
0.0062
  0.62
 0.063
0.0063
  0.63
 0.064
0.0064
  0.64
 0.065
0.0065
  0.65
 0.066
0.0066
  0.66
 0.067
0.0067
  0.67
 0.068
0.0068
  0.68
 0.069
0.0069
  0.69
 0.07
0.007
  0.7
 0.071
0.0071
  0.71
 0.072
0.0072
  0.72
 0.073
0.0073
  0.73
 0.074
0.0074
  0.74
 0.075
0.0075
  0.75
 0.076
0.0076
  0.76
 0.077
0.0077
  0.77
 0.078
0.0078
  0.78
 0.079
0.0079
  0.79
 0.08
0.008
  0.8
 0.081
0.0081
  0.81
 0.082
0.0082
  0.82
 0.083
0.0083
  0.83
 0.084
0.0084
  0.84
 0.085
0.0085
  0.85
 0.086
0.0086
  0.86
 0.087
0.0087
  0.87
 0.088
0.0088
  0.88
 0.089
0.0089
  0.89
 0.09
0.009
  0.9
 0.091
0.0091
  0.91
 0.092
0.0092
  0.92
 0.093
0.0093
  0.93
 0.094
0.0094
  0.94
 0.095
0.0095
  0.95
 0.096
0.0096
  0.96
 0.097
0.0097
  0.97
 0.098
0.0098
  0.98
 0.099
0.0099
  0.99
          0
7.9673e-237
          0
0.3
0.1
0.3
0.3
0.1
0.3
0.3
0.1
0.3
0.3
0.1
0.3
0.3
0.1
0.3
0.3
0.1
0.3
0.3
0.1
0.3
0.3
0.1
0.3
0.3
0.1
0.3
0.3
0.1
0.3
0.3
0.1
0.3
0.3
0.1
0.3
0.3
0.1
0.3
0.3
0.1
0.3
0.3
0.1
0.3
0.3
0.1
0.3
0.3
0.1
0.3
0.3
0.1
0.3
0.3
0.1
0.3
0.3
0.1
0.3
0.3
0.1
0.3
0.3
0.1
0.3
0.3
0.1
0.3
0.3
0.1
0.3
0.3
0.1
0.3
0.3
0.1
0.3
0.3
0.1
0.3
0.3
0.1
0.3
0.3
0.1
0.3
0.3
0.1
0.3
0.3
0.1
0.3
0.3
0.1
0.3
0.3
0.1
0.3
0.3
0.1
0.3
0.3
0.1
0.3
0.3
0.1
0.3
0.3
0.1
0.3
0.3
0.1
0.3
0.3
0.1
0.3
0.3
0.1
0.3
0.3
0.1
0.3
0.3
0.1
0.3
0.3
0.1
0.3
0.3
0.1
0.3
0.3
0.1
0.3
0.3
0.1
0.3
0.3
0.1
0.3
0.3
0.1
0.3
0.3
0.1
0.3
0.3
0.1
0.3
0.3
0.1
0.3
0.3
0.1
0.3
0.3
0.1
0.3
0.3
0.1
0.3
0.3
0.1
0.3
0.3
0.1
0.3
0.3
0.1
0.3
0.3
0.1
0.3
0.3
0.1
0.3
0.3
0.1
0.3
0.3
0.1
0.3
0.3
0.1
0.3
0.3
0.1
0.3
0.3
0.1
0.3
0.3
0.1
0.3
0.3
0.1
0.3
0.3
0.1
0.3
0.3
0.1
0.3
0.3
0.1
0.3
0.3
0.1
0.3
0.3
0.1
0.3
0.3
0.1
0.3
0.3
0.1
0.3
0.3
0.1
0.3
0.3
0.1
0.3
0.3
0.1
0.3
0.3
0.1
0.3
0.3
0.1
0.3
0.3
0.1
0.3
0.3
0.1
0.3
0.3
0.1
0.3
0.3
0.1
0.3
0.3
0.1
0.3
0.3
0.1
0.3
0.3
0.1
0.3
0.3
0.1
0.3
0.3
0.1
0.3
0.3
0.1
0.3
0.3
0.1
0.3
0.3
0.1
0.3
0.3
0.1
0.3
0.3
0.1
0.3
0.3
0.1
0.3
0.3
0.1
0.3
0.3
0.1
0.3
0.3
0.1
0.3
0.3
0.1
0.3
0.3
0.1
0.3
0.3
0.1
0.3
0.3
0.1
0.3
0.3
0.1
0.3
0.3
0.1
0.3
0.3
0.1
0.3
0.3
0.1
0.3
0.3
0.1
0.3
0.3
0.1
0.3
0.3
0.1
0.3
0.3
0.1
0.3
0.3
0.1
0.3
0.3
0.1
0.3
0.3
0.1
0.3
0.3
0.1
0.3
0.3
0.1
0.3
0.3
0.1
0.3
0.3
0.1
0.3
0.3
0.1
0.3
0.3
0.1
0.3
0.3
0.1
0.3
0.3
0.1
0.3
0.3
0.1
0.3
0.3
0.1
0.3
0.3
0.1
0.3
0.3
0.1
0.3
0.3
0.1
0.3
0.3
0.1
0.3
0.3
0.1
0.3
0.3
0.1
0.3
0.3
0.1
0.3
0.3
0.1
0.3
0.3
0.1
0.3
0.3
0.1
0.3
0.3
0.1
0.3
0.3
0.1
0.3
0.3
0.1
0.3
0.3
0.1
0.3
0.3
0.1
0.3
0.3
0.1
0.3
0.3
0.1
0.3
0.3
0.1
0.3
0.3
0.1
0.3
0.3
0.1
0.3
0.3
0.1
0.3
0.3
0.1
0.3
0.3
0.1
0.3
0.3
0.1
0.3
0.3
0.1
0.3
0.3
0.1
0.3
0.3
0.1
0.3
0.3
0.1
0.3
0.3
0.1
0.3
0.3
0.1
0.3
0.3
0.1
0.3
0.3
0.1
0.3
0.3
0.1
0.3
0.3
0.1
0.3
0.3
0.1
0.3
0.3
0.1
0.3
0.3
0.1
0.3
0.3
0.1
0.3
0.3
0.1
0.3
0.3
0.1
0.3
0.3
0.1
0.3
0.3
0.1
0.3
0.3
0.1
0.3
0.3
0.1
0.3
0.3
0.1
0.3
0.3
0.1
0.3
0.3
0.1
0.3
0.3
0.1
0.3
0.3
0.1
0.3
0.3
0.1
0.3
0.3
0.1
0.3
0.3
0.1
0.3
0.3
0.1
0.3
0.3
0.1
0.3
0.3
0.1
0.3
0.3
0.1
0.3
0.3
0.1
0.3
0.3
0.1
0.3
0.3
0.1
0.3
0.3
0.1
0.3
0.3
0.1
0.3
0.3
0.1
0.3
0.3
0.1
0.3
0.3
0.1
0.3
0.3
0.1
0.3
0.3
0.1
0.3
0.3
0.1
0.3
0.3
0.1
0.3
0.3
0.1
0.3
0.3
0.1
0.3
0.3
0.1
0.3
0.3
0.1
0.3
0.3
0.1
0.3
0.3
0.1
0.3
0.3
0.1
0.3
0.3
0.1
0.3
0.3
0.1
0.3
0.3
0.1
0.3
0.3
0.1
0.3
0.3
0.1
0.3
0.3
0.1
0.3
0.3
0.1
0.3
0.3
0.1
0.3
0.3
0.1
0.3
0.3
0.1
0.3
0.3
0.1
0.3
0.3
0.1
0.3
0.3
0.1
0.3
0.3
0.1
0.3
0.3
0.1
0.3
0.3
0.1
0.3
0.3
0.1
0.3
0.3
0.1
0.3
0.3
0.1
0.3
0.3
0.1
0.3
0.3
0.1
0.3
0.3
0.1
0.3
0.3
0.1
0.3
0.3
0.1
0.3
0.3
0.1
0.3
0.3
0.1
0.3
0.3
0.1
0.3
0.3
0.1
0.3
0.3
0.1
0.3
0.3
0.1
0.3
0.3
0.1
0.3
0.3
0.1
0.3
0.3
0.1
0.3
0.3
0.1
0.3
0.3
0.1
0.3
0.3
0.1
0.3
0.3
0.1
0.3
0.3
0.1
0.3
0.3
0.1
0.3
0.3
0.1
0.3
0.3
0.1
0.3
0.3
0.1
0.3
0.3
0.1
0.3
0.3
0.1
0.3
0.3
0.1
0.3
0.3
0.1
0.3
0.3
0.1
0.3
0.3
0.1
0.3
0.3
0.1
0.3
0.3
0.1
0.3
0.3
0.1
0.3
0.3
0.1
0.3
0.3
0.1
0.3
0.3
0.1
0.3
0.3
0.1
0.3
0.3
0.1
0.3
0.3
0.1
0.3
0.3
0.1
0.3
0.3
0.1
0.3
0.3
0.1
0.3
0.3
0.1
0.3
0.3
0.1
0.3
0.3
0.1
0.3
0.3
0.1
0.3
0.3
0.1
0.3
0.3
0.1
0.3
0.3
0.1
0.3
0.3
0.1
0.3
0.3
0.1
0.3
0.3
0.1
0.3
0.3
0.1
0.3
0.3
0.1
0.3
0.3
0.1
0.3
0.3
0.1
0.3
0.3
0.1
0.3
0.3
0.1
0.3
0.3
0.1
0.3
0.3
0.1
0.3
0.3
0.1
0.3
0.3
0.1
0.3
0.3
0.1
0.3
0.3
0.1
0.3
0.3
0.1
0.3
0.3
0.1
0.3
0.3
0.1
0.3
0.3
0.1
0.3
0.3
0.1
0.3
0.3
0.1
0.3
0.3
0.1
0.3
0.3
0.1
0.3
0.3
0.1
0.3
0.3
0.1
0.3
0.3
0.1
0.3
0.3
0.1
0.3
0.3
0.1
0.3
0.3
0.1
0.3
0.3
0.1
0.3
0.3
0.1
0.3
0.3
0.1
0.3
0.3
0.1
0.3
0.3
0.1
0.3
0.3
0.1
0.3
0.3
0.1
0.3
0.3
0.1
0.3
0.3
0.1
0.3
0.3
0.1
0.3
0.3
0.1
0.3
0.3
0.1
0.3
0.3
0.1
0.3
0.3
0.1
0.3
0.3
0.1
0.3
0.3
0.1
0.3
0.3
0.1
0.3
0.3
0.1
0.3
0.3
0.1
0.3
0.3
0.1
0.3
0.3
0.1
0.3
0.3
0.1
0.3
0.3
0.1
0.3
0.3
0.1
0.3
0.3
0.1
0.3
0.3
0.1
0.3
0.3
0.1
0.3
0.3
0.1
0.3
0.3
0.1
0.3
0.3
0.1
0.3
0.3
0.1
0.3
0.3
0.1
0.3
0.3
0.1
0.3
0.3
0.1
0.3
0.3
0.1
0.3
0.3
0.1
0.3
0.3
0.1
0.3
0.3
0.1
0.3
0.3
0.1
0.3
0.3
0.1
0.3
0.3
0.1
0.3
0.3
0.1
0.3
0.3
0.1
0.3
0.3
0.1
0.3
0.3
0.1
0.3
0.3
0.1
0.3
0.3
0.1
0.3
0.3
0.1
0.3
0.3
0.1
0.3
0.3
0.1
0.3
0.3
0.1
0.3
0.3
0.1
0.3
0.3
0.1
0.3
0.3
0.1
0.3
0.3
0.1
0.3
0.3
0.1
0.3
0.3
0.1
0.3
0.3
0.1
0.3
0.3
0.1
0.3
0.3
0.1
0.3
0.3
0.1
0.3
0.3
0.1
0.3
0.3
0.1
0.3
0.3
0.1
0.3
0.3
0.1
0.3
0.3
0.1
0.3
0.3
0.1
0.3
0.3
0.1
0.3
0.3
0.1
0.3
0.3
0.1
0.3
0.3
0.1
0.3
0.3
0.1
0.3
0.3
0.1
0.3
0.3
0.1
0.3
0.3
0.1
0.3
0.3
0.1
0.3
0.3
0.1
0.3
0.3
0.1
0.3
0.3
0.1
0.3
0.3
0.1
0.3
0.3
0.1
0.3
0.3
0.1
0.3
0.3
0.1
0.3
0.3
0.1
0.3
0.3
0.1
0.3
0.3
0.1
0.3
0.3
0.1
0.3
0.3
0.1
0.3
0.3
0.1
0.3
0.3
0.1
0.3
0.3
0.1
0.3
0.3
0.1
0.3
0.3
0.1
0.3
0.3
0.1
0.3
0.3
0.1
0.3
0.3
0.1
0.3
0.3
0.1
0.3
0.3
0.1
0.3
0.3
0.1
0.3
0.3
0.1
0.3
0.3
0.1
0.3
0.3
0.1
0.3
0.3
0.1
0.3
0.3
0.1
0.3
0.3
0.1
0.3
0.3
0.1
0.3
0.3
0.1
0.3
          0
7.9673e-237
          0
 0.299
0.0999
 0.299
 0.298
0.0998
 0.298
 0.297
0.0997
 0.297
 0.296
0.0996
 0.296
 0.295
0.0995
 0.295
 0.294
0.0994
 0.294
 0.293
0.0993
 0.293
 0.292
0.0992
 0.292
 0.291
0.0991
 0.291
 0.29
0.099
 0.29
 0.289
0.0989
 0.289
 0.288
0.0988
 0.288
 0.287
0.0987
 0.287
 0.286
0.0986
 0.286
 0.285
0.0985
 0.285
 0.284
0.0984
 0.284
 0.283
0.0983
 0.283
 0.282
0.0982
 0.282
 0.281
0.0981
 0.281
 0.28
0.098
 0.28
 0.279
0.0979
 0.279
 0.278
0.0978
 0.278
 0.277
0.0977
 0.277
 0.276
0.0976
 0.276
 0.275
0.0975
 0.275
 0.274
0.0974
 0.274
 0.273
0.0973
 0.273
 0.272
0.0972
 0.272
 0.271
0.0971
 0.271
 0.27
0.097
 0.27
 0.269
0.0969
 0.269
 0.268
0.0968
 0.268
 0.267
0.0967
 0.267
 0.266
0.0966
 0.266
 0.265
0.0965
 0.265
 0.264
0.0964
 0.264
 0.263
0.0963
 0.263
 0.262
0.0962
 0.262
 0.261
0.0961
 0.261
 0.26
0.096
 0.26
 0.259
0.0959
 0.259
 0.258
0.0958
 0.258
 0.257
0.0957
 0.257
 0.256
0.0956
 0.256
 0.255
0.0955
 0.255
 0.254
0.0954
 0.254
 0.253
0.0953
 0.253
 0.252
0.0952
 0.252
 0.251
0.0951
 0.251
 0.25
0.095
 0.25
 0.249
0.0949
 0.249
 0.248
0.0948
 0.248
 0.247
0.0947
 0.247
 0.246
0.0946
 0.246
 0.245
0.0945
 0.245
 0.244
0.0944
 0.244
 0.243
0.0943
 0.243
 0.242
0.0942
 0.242
 0.241
0.0941
 0.241
 0.24
0.094
 0.24
 0.239
0.0939
 0.239
 0.238
0.0938
 0.238
 0.237
0.0937
 0.237
 0.236
0.0936
 0.236
 0.235
0.0935
 0.235
 0.234
0.0934
 0.234
 0.233
0.0933
 0.233
 0.232
0.0932
 0.232
 0.231
0.0931
 0.231
 0.23
0.093
 0.23
 0.229
0.0929
 0.229
 0.228
0.0928
 0.228
 0.227
0.0927
 0.227
 0.226
0.0926
 0.226
 0.225
0.0925
 0.225
 0.224
0.0924
 0.224
 0.223
0.0923
 0.223
 0.222
0.0922
 0.222
 0.221
0.0921
 0.221
 0.22
0.092
 0.22
 0.219
0.0919
 0.219
 0.218
0.0918
 0.218
 0.217
0.0917
 0.217
 0.216
0.0916
 0.216
 0.215
0.0915
 0.215
 0.214
0.0914
 0.214
 0.213
0.0913
 0.213
 0.212
0.0912
 0.212
 0.211
0.0911
 0.211
 0.21
0.091
 0.21
 0.209
0.0909
 0.209
 0.208
0.0908
 0.208
 0.207
0.0907
 0.207
 0.206
0.0906
 0.206
 0.205
0.0905
 0.205
 0.204
0.0904
 0.204
 0.203
0.0903
 0.203
 0.202
0.0902
 0.202
 0.201
0.0901
 0.201
          0
7.9673e-237
          0
