-nan
-nan
-nan
-nan
-nan
-nan
29.4912
 13.056
  204.8
0.03995
 -40.96
-0.0025
-nan
-nan
-nan
-nan
-nan
-nan
-9.63114e+17
 9.63114e+16
-9.53483e+18
      0.3872
    -165.478
    -0.56794
 3.09683e+16
-3.09683e+15
 3.06586e+17
 -8.5948e-18
       6.272
  0.00809375
    23.4624
     1.5168
    124.723
   0.029625
      0.096
-0.00935625
  1.4556e+17
-1.45559e+16
 1.44104e+18
     -0.0007
           0
   0.0139125
-30.5152
 -0.0768
-150.733
  0.0028
  9.6768
  0.0199
 -0.2016
 -1.4256
 372.326
0.182588
 -0.0288
0.022275
-nan
-nan
-nan
-nan
-nan
-nan
   -14.08
   0.0132
    1.408
0.0012375
   8.8176
0.0315563
 3.45447e+16
-3.45429e+15
 3.41983e+17
       0.447
    -27.8016
    -3.17702
 1.40788e+15
-1.40778e+14
 1.39375e+16
     0.06565
        8.32
    0.045175
-38.0229
 102.502
 174.899
  0.1918
 -2.2288
 -1.1312
  -6.06
 62.001
  56.64
0.07425
 -3.888
 -0.012
-6.48874e+16
 6.48773e+15
-6.42336e+17
      0.0032
     20.3776
      18.432
-4.66898e+18
 4.66807e+17
-4.62184e+19
           0
      -2.176
      0.0085
 -6.4667e+15
 6.46511e+14
-6.40125e+16
        0.18
           0
      1.4256
1.16145e+16
-1.1611e+15
1.14966e+17
    -0.0209
      1.824
     1.5048
 -36.192
  -4.208
-216.064
  0.3055
  -6.592
 0.27775
-nan
-nan
-nan
-nan
-nan
-nan
 -10.7316
 -56.8832
 -38.8962
-0.351183
  14.1741
        0
 2.33681e+16
-2.33533e+15
 2.31272e+17
     -0.0023
      -0.046
       0.023
 6.39543e+14
-6.39061e+13
 6.32911e+15
      0.1188
           0
      3.8016
-nan
-nan
-nan
-nan
-nan
-nan
-8.44122e+15
 8.43252e+14
-8.35255e+16
 1.42411e-18
        4.16
     -4.3297
 1.78906e+16
-1.78692e+15
 1.77012e+17
    0.491894
     -0.0432
     -2.1816
-1.25162e+17
 1.24989e+16
-1.23826e+18
     -0.0294
      2.9232
       1.204
-23.4052
-1.47175
-75.4464
0.873806
 -4.6545
   0.203
-4.896
 0.144
36.096
 0.453
   1.2
-0.273
 8.65413e+18
-8.63632e+17
 8.55887e+19
     479.334
    -2539.52
    -20316.2
-nan
-nan
-nan
-nan
-nan
-nan
   1.056
   4.488
 75.3984
-0.06765
  5.0292
-0.44715
-6.51906e+15
 6.49976e+14
-6.44442e+16
-9.73276e-19
        4.08
    0.033575
 2.32932e+16
-2.32159e+15
 2.30224e+17
    -0.17675
       4.214
       0.077
-nan
-nan
-nan
-nan
-nan
-nan
  9.1093e+14
-9.07163e+13
 8.99977e+15
    -0.18685
      4.4548
     -5.9792
-9.48809e+15
  9.4445e+14
-9.37188e+16
 2.02243e-20
        3.04
       0.076
 3.55194e+14
-3.53386e+13
 3.50758e+15
        0.39
           0
       0.741
 1.32871e+17
-1.32124e+16
 1.31177e+18
         1.6
     -25.856
     -51.712
-nan
-nan
-nan
-nan
-nan
-nan
13.6416
-0.6804
      0
 0.4158
  -6.72
0.21105
-6.83726e+16
 6.78603e+15
-6.74385e+17
        0.43
           0
      3.4056
-1.29427e+16
 1.28365e+15
-1.27614e+17
    -0.11668
     3.51116
        7.04
   -5.796
 -204.768
    263.7
-0.884297
  6.63109
   32.724
 -1.5827e+17
 1.56721e+16
-1.55931e+18
      2.2356
    -10.1016
     14.7936
 -1.94521
  -0.7567
  26.1837
-0.237938
     3.76
 0.116325
 2.94006e+16
-2.90599e+15
 2.89403e+17
        0.48
           0
   -0.215214
    -nan
    -nan
    -nan
    -nan
    -nan
0.332966
 -nan
 -nan
 -nan
 -nan
 -nan
-3.96
-nan
-nan
-nan
-nan
-nan
-nan
 2.08338e+16
-2.05019e+15
 2.04637e+17
    0.262575
     2.08908
      2.1112
-nan
-nan
-nan
-nan
-nan
-nan
-7.80327e+15
 7.65886e+14
-7.65492e+16
     0.80595
      1.1178
   -0.066825
 2.82591e+17
-2.76965e+16
 2.77027e+18
    -21.0564
     29.8285
      -66.66
  -nan
  -nan
  -nan
  -nan
  -nan
0.0574
  -36.48
-7.19839
-377.203
 -2.2116
 12.6654
 2.74598
  7.7819e+15
-7.59046e+14
 7.61107e+16
      0.2871
           0
      0.0696
-nan
-nan
-nan
-nan
-nan
-nan
229.824
  0.384
1818.62
-19.872
 78.528
   0.12
 0.36295
-54.8512
       0
 -0.8784
  10.553
 14.6888
-6.99183e+15
 6.76738e+14
-6.81314e+16
        0.62
           0
      0.1209
-nan
-nan
-nan
-nan
-nan
-nan
 -2.1504
-14.2336
  -0.512
    0.64
       0
    5.12
  -1.352
 -26.728
       0
-1.24893
 7.54353
   7.943
-nan
-nan
-nan
-nan
-nan
-nan
-1.42004e+15
 1.35786e+14
-1.37583e+16
    0.166872
      2.0234
   0.0247062
-1.35893e+16
 1.29579e+15
-1.31489e+17
      5.8049
    -12.9349
     130.125
    -nan
    -nan
    -nan
    -nan
    -nan
-0.17595
-7.43428e+15
 7.04622e+14
-7.17318e+16
     1.15929
   -0.955664
      22.624
2.53107e+14
-2.3912e+13
2.43852e+15
   0.719521
   0.181919
          0
-1.43851e+15
 1.35442e+14
-1.38374e+16
      0.3618
       0.792
      5.7024
   -1.68927
   -1.24465
    -0.5548
2.07942e-19
       1.46
   0.604075
-5.07842e+15
 4.74693e+14
-4.86881e+16
     0.55685
        0.74
      5.9792
-1.25704e+14
 1.17043e+13
-1.20302e+15
  -0.0323438
      1.6425
      0.2625
  -nan
  -nan
  -nan
  -nan
  -nan
0.0456
-4.07626e+16
 3.76391e+15
-3.88642e+17
    0.163097
   -0.331982
      0.8316
 1.35464e+16
-1.24528e+15
 1.28897e+17
      2.6832
     -0.6708
    -25.0224
-1.60976e+17
 1.47294e+16
-1.52855e+18
      1.8881
      -4.424
    -50.8128
-3.57972e+16
 3.25955e+15
-3.39178e+17
       7.808
     -25.856
    -208.896
    -5.85651
     35.3192
     -18.792
-2.30281e-18
      0.8019
    -17.6259
 9.02223e+14
-8.13025e+13
  8.5095e+15
    -0.54325
      1.6564
     -5.3792
 4.86676e+15
-4.36132e+14
 4.57908e+16
    0.727667
    0.400949
       0.083
   4.6914
  -0.1113
  50.6688
-0.900309
  2.96284
   -0.126
103.904
 17.408
965.056
 -26.52
 25.568
 -8.704
-36.8768
 24.9056
 1056.77
 -46.784
 157.965
  -5.074
  3.1059e+15
-2.71512e+14
 2.89142e+16
      0.8787
      0.8613
      7.0644
-13.6928
 -22.528
 46.1824
  1.5048
  0.0792
 10.7008
-1.26091e+16
  1.0868e+15
-1.16691e+17
     2.04255
    -1.55528
      -0.356
-nan
-nan
-nan
-nan
-nan
-nan
 7.10499e+15
-6.03024e+14
 6.53378e+16
 3.90164e-17
        1.82
    0.179725
 2.51852e+16
-2.12004e+15
 2.30832e+17
     -0.0092
           0
  -0.0969472
-5.4126
      0
 -1.488
 1.8693
      0
11.7552
 1.09151e+17
-9.02793e+15
 9.93401e+17
        7.52
       -7.52
    -125.133
 -nan
 -nan
 -nan
 -nan
 -nan
1.057
-2.32457e+17
 1.88609e+16
 -2.0998e+18
-0.000501849
    -15.5273
       3.936
 -2.2056e+15
 1.77129e+14
-1.98448e+16
     -0.3686
      2.8906
    -12.7193
  1.9747
   0.098
   15.68
 1.10373
0.304413
       0
-2.59089e+16
 2.03551e+15
-2.31189e+17
   -0.248433
   0.0715861
      3.0096
-5.59819e-222
 4.39817e-223
-4.99535e-221
-2.14622e-237
 1.15151e-236
-1.27477e-235
 5.46506e+16
-4.69447e+15
 4.23598e+17
        -4.8
        2.75
        -1.6
 4.96062e+14
-4.52401e+13
  3.4231e+15
         4.5
          -4
       -1.95
-3.27236e+15
 3.09763e+14
-2.04526e+16
    0.134375
    0.128125
        -0.2
-0.209375
     0.45
    -0.15
      0.3
  0.08125
    0.425
     100
    75.2
   348.8
 43.7626
-22.1463
   256.8
 1.36895e+14
-1.30576e+13
 6.77438e+14
       0.325
         0.1
        0.45
-5.29035e+16
 4.90419e+15
-2.45463e+17
       -13.6
           1
           0
-nan
-nan
-nan
-nan
-nan
-nan
-7.04804e+14
 5.86663e+13
-2.90907e+15
       0.725
     0.31875
         0.3
-6.22338e+14
 4.76036e+13
-2.43287e+15
 8.34558e-16
         0.3
         0.9
 -2.5458e+14
 1.74131e+13
-9.44376e+14
         0.4
         0.6
       0.475
-7.04689e+15
 4.15356e+14
-2.48387e+16
         0.8
      -0.525
       -74.4
-nan
-nan
-nan
-nan
-nan
-nan
-2.16164e+14
 7.73548e+12
-6.89428e+14
       0.475
    0.140625
      0.3875
 2.44741e+15
-5.37929e+13
 7.42707e+15
         2.8
       0.125
      -211.2
-1.12443e+15
 7.41449e+12
-3.24567e+15
        14.4
           0
           0
-1.58334e+14
-1.65647e+12
-4.34415e+14
       -11.2
        0.05
     -2419.2
    -nan
    -nan
    -nan
    -nan
    -nan
0.324927
 -0.51875
    0.525
-0.473828
    -2.25
     0.15
    0.075
6.14835e+14
4.47783e+13
1.43681e+15
   -2.52651
  -0.338768
      -27.2
-2.83978e+15
-2.77881e+14
-6.26408e+15
  -0.0501117
    0.187982
        78.4
-nan
-nan
-nan
-nan
-nan
-nan
1.41178e+16
2.19439e+15
2.74763e+16
       15.2
          0
        0.5
-2.50648e+15
-4.72491e+14
-4.55278e+15
          -2
         0.1
         0.8
6.41774e+14
1.44307e+14
1.08187e+15
       -0.3
      -0.05
       -0.6
 4.75337e+15
   1.259e+15
 7.38486e+15
-1.33227e-16
         0.5
        -0.2
1.94901e+15
6.02223e+14
2.76622e+15
          0
        0.3
    0.20625
-1.83845e+14
-6.57748e+13
-2.35704e+14
   -0.242764
    0.270176
           1
 -2.9708e+14
-1.22359e+14
-3.39009e+14
        -0.5
       0.075
      -0.075
-3.15428e+15
-1.48904e+15
-3.14017e+15
           1
         0.7
         0.3
 1.45
 -2.4
  1.8
-0.15
 0.85
  2.4
      24
      16
-1.40996
-1.32988
0.180081
     7.2
-2.75
 -1.5
 -0.3
0.225
  0.6
  0.2
     -0.1
      0.5
     0.05
     -0.5
     -0.7
-0.084375
-134.4
-153.6
  25.6
  -6.4
  -6.4
     0
-4.70305e+14
-4.87097e+14
 2.65743e+13
        -0.5
        0.65
       -0.05
1.61662e+13
1.91544e+13
-4.5873e+12
  -0.185005
   0.344011
        1.4
6.85157e+15
9.32329e+15
-3.6793e+15
       -1.4
       -0.8
          0
-nan
-nan
-nan
-nan
-nan
-nan
-nan
-nan
-nan
-nan
-nan
-nan
 7.15283e+14
  1.5344e+15
-1.10794e+15
        -0.4
         0.1
        0.15
 -2.8864e+14
-7.36167e+14
 5.85562e+14
         0.4
        -0.8
         1.2
 7.69239e+14
 2.37278e+15
-2.02813e+15
        -0.9
        -1.4
           2
  8.8295e+14
 3.37311e+15
-3.04202e+15
      -0.575
         0.2
        0.05
-1.06986e+15
-5.24021e+15
 4.91645e+15
           0
           0
         0.3
-nan
-nan
-nan
-nan
-nan
-nan
 4.65205e+13
 4.58921e+14
-4.51475e+14
        -0.7
        -5.6
         0.3
-2.20866e+13
-3.99459e+14
 3.97474e+14
   -0.500769
           0
         0.4
 2.72979e+13
 2.22699e+15
-2.22643e+15
   0.0246843
     4.93846
        -156
-nan
-nan
-nan
-nan
-nan
-nan
 5.55825e+13
-8.43066e+14
 8.36629e+14
      -0.025
        -2.6
   -0.003125
-nan
-nan
-nan
-nan
-nan
-nan
 1.78679e+13
-1.31975e+14
 1.27537e+14
       -0.15
        -0.4
        -0.6
-9.39888e+13
 5.61387e+14
-5.31954e+14
        -1.6
        25.6
         0.3
-1.09257e+15
 5.51997e+15
-5.10833e+15
        -1.4
         8.8
        1.65
-3.98538e+14
  1.7549e+15
-1.57989e+15
         1.2
         6.4
        -1.3
 1.8
-1.4
   0
-0.4
-0.6
 0.9
 7.58859e+14
-2.68977e+15
 2.26501e+15
       0.075
        -0.6
         0.4
-9.61984e+14
 3.12001e+15
-2.52581e+15
           0
           0
         0.3
-9.99681e+14
 2.99417e+15
-2.32053e+15
         1.8
        -3.2
     2.62201
   -2
  1.7
-0.25
  0.3
 -0.6
  1.2
 9.62907e+13
-2.50931e+14
 1.75817e+14
       -0.25
   -0.501754
        0.55
 -nan
 -nan
 -nan
-0.35
 -0.3
    0
   0.1
-1.625
   0.6
  -0.4
  -0.2
   0.7
-nan
-nan
-nan
-nan
-nan
-0.2
     0.6
-0.51875
    0.15
   0.125
  -0.225
     0.7
     -nan
     -nan
     -nan
     -1.4
-0.334667
      0.9
      -1.4
      -0.6
-0.0155124
 -0.246988
 -0.134488
       0.2
 -0.6
2.375
0.625
  1.6
 -1.4
  0.2
-4.8
 2.8
-0.8
 0.4
-0.3
-0.8
 1.95805e+14
-3.06126e+14
 9.21558e+13
   -0.985126
         0.3
    -1.38513
 1.4
-1.5
-0.1
 0.2
-0.4
 0.2
-2.77968e+15
  3.8091e+15
-7.56958e+14
        -0.8
        -0.1
         0.6
-nan
-nan
-nan
-nan
-nan
-nan
1.875
 -0.4
  0.5
   -2
 -0.4
  0.5
-3.77668e+15
 3.96654e+15
-1.08055e+14
   -0.509375
   -0.226611
         0.3
 5.21675e+15
-4.84022e+15
 -1.9211e+14
     -6.2875
         1.6
   -0.763259
-nan
-nan
-nan
-nan
-nan
-nan
 1.11394e+15
-7.16525e+14
-1.54326e+14
         1.7
       -0.55
        -6.4
-nan
-nan
-nan
-nan
-nan
-nan
-nan
-nan
-nan
-nan
-nan
-nan
-nan
-nan
-nan
-nan
-nan
-nan
-nan
-nan
-nan
-nan
-nan
-nan
-6.62101e+15
-3.65608e+15
 7.16965e+14
         3.2
        0.15
 5.55112e-17
-nan
-nan
-nan
-nan
-nan
-nan
1.31213e+15
1.94472e+15
 1.9136e+14
      1.025
     -0.275
      0.225
-3.03044e+15
-6.56469e+15
-1.17452e+15
           8
         0.4
           0
-7.34565e+13
-2.27832e+14
 -5.5852e+13
        -0.2
       -0.15
         0.1
-nan
-nan
-nan
-nan
-nan
   0
-0.6
 0.8
 0.2
1.45
-0.3
-0.4
-1.48857e+15
-1.52151e+16
-6.14965e+15
           0
        -0.3
           0
 -nan
 -nan
 -nan
  0.6
    0
-0.05
-1.51654e+14
-7.24241e+15
-3.57093e+15
           1
        -0.2
        -0.1
-2.70616e+11
 4.23126e+13
 2.26038e+13
    0.190625
   -0.273183
 -0.00078125
     0.3
-13.0563
       0
    12.8
    25.6
     0.3
    0
  2.4
  0.4
 -0.8
 -0.8
0.025
-0.45
 -0.1
0.575
  0.5
 -0.2
  0.2
0.075
 -0.5
  0.1
 0.15
 -0.3
    0
 5.01851e+13
 -6.1939e+14
-4.42404e+14
         0.2
     -0.1375
      0.6375
  -10.2
3.21875
   -0.1
    8.8
  -44.8
    4.8
  0.5125
 -0.6375
-0.50625
  -0.775
    -1.2
   0.075
-nan
-nan
-nan
-nan
-nan
   0
1.15625
 -0.375
  0.325
      0
-0.7625
   0.05
-1.8578e+14
1.92679e+15
1.64725e+15
   0.240103
   0.309991
   -1.08996
       -0.65
         2.4
-1.11022e-16
         0.3
           0
         0.3
-3.7127e+13
4.05266e+14
3.64568e+14
      0.325
      -0.25
       0.15
0.003125
0.140625
  0.3375
     0.6
     0.6
     0.3
 -0.1
0.125
  0.1
 0.15
 -0.8
 0.05
     0.2
    -0.8
0.304688
     0.6
     0.8
   -0.15
  4.0617e+13
-6.18498e+14
  -5.977e+14
       -0.05
        -0.6
   -0.028125
  8.2646e+13
-1.48133e+15
-1.44858e+15
       -0.15
        -3.6
       -2.45
   -9.325
      0.8
      0.4
 0.236627
-0.791282
-0.186184
 2.41509e+12
-7.60629e+13
-7.56065e+13
      0.1625
       -4.15
       0.025
 2.28735e+13
-1.30901e+15
-1.30682e+15
    0.184375
        -4.4
        -0.1
-3.31606e+12
 2.08416e+15
 2.08413e+15
         0.3
       -51.2
   -0.021875
   1.1875
-0.363672
     -0.3
      0.3
        0
 -0.00625
5.08823e+14
1.43768e+16
1.42994e+16
        1.6
          0
        0.3
-7.46013e+13
-1.31481e+15
-1.29799e+15
-1.96736e-16
         1.6
       0.025
1.28286e+13
1.59976e+14
1.56192e+14
    0.31875
        0.5
       1.25
  -4.058e+14
-3.83081e+15
-3.68441e+15
       0.125
         1.5
        -1.2
-1.03536e+14
-7.71673e+14
-7.27859e+14
         0.1
           0
       -0.45
-nan
-nan
-nan
-nan
-nan
-nan
 6.2492e+14
3.13726e+15
 2.8007e+15
        0.2
      0.425
       0.35
-nan
-nan
-nan
-nan
-nan
-nan
5.54991e+14
1.99768e+15
1.64114e+15
        0.3
          0
        1.9
     -0.05
-0.0879883
      -0.1
     0.275
       0.3
       0.4
      0.475
      -0.35
       -0.2
      0.075
      0.375
1.38778e-17
-nan
-nan
-nan
-nan
-nan
   0
-nan
-nan
-nan
-nan
-nan
-nan
6.23705e+14
1.11107e+15
5.76244e+14
   0.528214
          0
     -0.075
-19.2
-11.2
 -4.8
 -4.8
 -1.6
    8
1.12928e+16
1.55075e+16
5.03718e+15
          0
        0.4
        0.7
 26.1
 26.4
 -4.2
 11.2
 -4.4
-4.65
1.94034e+16
2.05394e+16
1.36867e+15
         -4
        3.2
        1.1
5.51669e+15
5.11482e+15
-4.8561e+14
      0.325
      0.275
      0.625
-1.4
-1.6
-0.9
 0.7
 0.2
 0.3
  -1
 0.4
-0.1
   0
 0.1
0.55
      1.2
  1.39727
-0.022633
-0.159944
 0.382984
      1.2
-nan
-nan
-nan
-nan
-nan
-nan
-6.23236e+14
-2.76059e+14
  4.2124e+14
    0.637513
  -0.0150552
         0.3
-5.15517e+13
-1.91169e+13
 3.92962e+13
         0.5
       0.225
       -0.35
 6.03297e+16
 1.83806e+16
-5.07067e+16
        89.6
       -25.6
           2
-9.38401e+14
-2.28753e+14
 8.55107e+14
         0.9
        -0.2
           1
 2.80108e+15
 5.25282e+14
-2.73124e+15
     1.96579
    0.206603
        0.15
-nan
-nan
-nan
-nan
-nan
-nan
 7.8978e+14
6.87272e+13
-8.5598e+14
2.63147e-17
        0.3
       -1.6
-8.11397e+17
 -3.4001e+16
 9.16466e+17
        38.4
        51.2
        3.35
-nan
-nan
-nan
-nan
-nan
-nan
 1.90193e+15
-7.57174e+13
-2.29157e+15
          -2
       0.275
        3.65
-8.50791e+14
 6.55103e+13
 1.05073e+15
        3.35
    0.309375
       0.325
8.07731e+16
-9.0535e+15
 -1.018e+17
       25.6
          0
   -2.89062
 4.97047e+15
-7.22202e+14
-6.36698e+15
        -1.4
         0.7
        -3.2
-2.71947e+15
 4.80934e+14
 3.52715e+15
        -0.2
         0.4
    0.090447
-nan
-nan
-nan
-nan
-nan
-nan
 1.44737e+15
-3.41186e+14
-1.90395e+15
        -0.1
       0.325
        0.55
  1.0035e+15
-2.64339e+14
-1.32251e+15
        -0.1
         0.1
         1.2
-2.73879e+15
 7.94715e+14
 3.60363e+15
         0.2
        0.15
         2.7
-4.31128e+13
 1.36303e+13
 5.64353e+13
       -2.05
         0.8
         0.4
   -nan
   -nan
   -nan
   -nan
   -nan
3.18557
-nan
-nan
-nan
-nan
-nan
-nan
  1.3468e+16
-5.26921e+15
-1.69642e+16
        -6.1
       -2.05
        -0.8
-1.2106e+15
5.03541e+14
1.49236e+15
    -0.6625
      0.275
       -0.2
0.975
 -1.9
  0.8
  0.4
 1.85
 0.25
 0.7
 0.6
-3.1
 3.6
 1.2
 1.2
 1.27039e+16
-6.25472e+15
-1.41853e+16
        -0.6
         2.8
         3.8
-1.05351e+16
 5.47435e+15
 1.12137e+16
         0.2
         0.2
         0.2
-3.48164e+15
 1.90972e+15
 3.49677e+15
        -0.3
         0.3
        -0.4
 0.65
 -3.4
  3.2
 -1.1
-0.35
 -1.2
-nan
-nan
-nan
-nan
-nan
-nan
-nan
-nan
-nan
-nan
-nan
-0.8
-1.97025e+15
 1.36969e+15
  1.3041e+15
   0.0211688
    0.139307
        -0.9
-nan
-nan
-nan
-nan
-nan
-nan
    5
 -6.8
 -3.6
-0.45
 -0.9
 0.45
 2.12393e+15
-1.87984e+15
 -4.9197e+14
    0.139664
    0.623316
       -25.6
-185.6
 188.8
   1.4
-0.875
     0
   1.5
-1.62883e+16
 1.83355e+16
-3.76077e+15
      0.3125
         0.7
    0.401405
 7.85645e+15
-1.04823e+16
 4.51487e+15
      -1.025
           0
         0.3
-4.38329e+15
  7.3802e+15
-4.73139e+15
        -0.4
        -4.8
           1
        6.2
       -8.8
       -0.8
5.55112e-17
        6.4
        0.9
     -nan
     -nan
     -nan
     -nan
     -nan
-0.298912
-6.13571e+12
-2.19287e+14
 2.19113e+14
       -25.6
           0
         0.3
1.95618e+15
6.19709e+15
-5.5718e+15
          0
         -6
       -0.1
 2.89078e+15
 4.33437e+15
-2.39421e+15
      -0.525
         2.4
         0.6
1.32633e+15
1.19931e+15
2.64551e+14
          0
       -1.2
   0.522527
1.34593e+16
 8.0611e+15
1.41352e+16
       -0.3
       -0.8
        2.1
0.1625
   1.5
   5.2
-0.325
   0.3
   0.3
 -2.4
 12.4
  -40
  3.8
-13.6
   -4
    -5
  -8.8
  -8.8
-0.075
  -0.7
     0
     -1.4
     -3.2
     -6.4
-0.281966
     -0.2
     -2.4
-1.72376e+14
-1.44299e+13
-1.85442e+15
       -0.25
        -0.3
        -3.2
-nan
-nan
-nan
-nan
-nan
-nan
8.10814e+19
 9.7288e+17
 5.8283e+21
    -3257.6
      -38.4
        0.3
  -1.4084
 0.015625
     34.1
     0.05
-0.697656
0.0046875
 4.77014e+16
-1.63671e+15
-1.12541e+18
    -2.58423
   -0.224185
           0
 1.15408e+17
-5.88988e+15
-1.76282e+18
      -3.325
         1.8
       -38.4
-5.39937e+17
 3.48023e+16
 6.26414e+18
       -47.2
          24
        -3.2
  0.25
 0.025
 -22.8
0.7875
  -1.5
 0.275
-8.62836e+16
 7.18562e+15
 7.04303e+17
        41.6
         4.8
      -0.425
 3.34787e+18
-2.99131e+17
-2.41217e+19
       190.4
      -192.8
    -24.1375
 3.83342e+16
-3.58467e+15
 -2.4865e+17
         -16
         5.6
        -0.5
-9.81317e+14
 9.41416e+13
 5.81191e+15
        -0.4
        -0.3
       0.325
-nan
-nan
-nan
-nan
-nan
-nan
-nan
-nan
-nan
-nan
-nan
-nan
-2.99644e+17
 2.81421e+16
 1.42505e+18
        -9.6
       -41.6
      0.3125
-nan
-nan
-nan
-nan
-nan
  -8
   -13.2
      28
       0
-23.1481
 10.5549
     -28
 387.2
 -1280
  -656
  -192
     8
1228.8
-nan
-nan
-nan
-nan
-nan
-nan
  -0.325
0.009375
       0
      -1
-0.03125
  0.2875
-2.02374e+16
  1.0627e+15
 6.91823e+16
         -19
        -0.3
       150.4
 8.82751e+14
 -3.6002e+13
-2.87083e+15
      -1.525
        -0.2
     0.23125
-nan
-nan
-nan
-nan
-nan
-nan
 4.34113e+15
 -5.5654e+13
-1.27799e+16
        -7.2
           0
       0.125
-7.88737e+14
-2.81492e+12
 2.20776e+15
      2470.4
        -0.4
       -50.9
 -1.2583e+15
-2.72948e+13
 3.34577e+15
        4.95
         0.4
     0.29375
   1.683e+15
 7.01267e+13
-4.24527e+15
-2.02918e-20
        -0.1
      0.2625
6.50384e+15
4.13886e+14
-1.5536e+16
        0.8
     -0.475
     0.2875
 2.55254e+15
 2.24021e+14
-5.76123e+15
        -0.2
        0.05
        38.4
-3.81212e+16
-4.35494e+15
 8.10727e+16
       -19.2
           0
    -0.01875
 6.50747e+15
 9.32436e+14
-1.29955e+16
     6.22151
     0.48255
        -2.5
 1.84216e+15
 3.22689e+14
-3.43999e+15
         0.7
       -0.05
          -2
-nan
-nan
-nan
-nan
-nan
-nan
-1.80484e+15
 -4.4889e+14
 2.89792e+15
           0
        -0.3
        -0.8
-2.37081e+14
-6.90297e+13
 3.49045e+14
         0.6
        -0.2
         1.6
-6.73244e+15
-2.27591e+15
 8.99641e+15
    -2.16107
    -1.32036
         5.8
 -0.4
  2.8
  0.7
  0.2
-0.15
 -1.4
 3.51522e+15
 1.57371e+15
-3.70237e+15
    0.867287
  -0.0461516
        -2.8
      0
  0.725
      0
 0.1125
-0.3875
      0
1.15625
      0
   -1.1
    0.2
   -1.2
    0.2
 5.10642e+14
 3.39786e+14
-2.98891e+14
    0.172284
-7.10543e-16
        -1.4
-4.1
-7.2
-2.4
 3.2
 2.8
   0
 1.68462e+15
 1.45295e+15
-3.82196e+14
    0.389062
    0.191406
         1.6
  -1.043e+16
-1.02556e+16
 2.79333e+14
           2
         1.6
        -1.6
-1.03783e+16
-1.16602e+16
-1.99166e+15
      0.8125
       -0.15
         0.5
    -nan
    -nan
    -nan
    -nan
    -nan
0.392882
 -5.3249e+14
-7.90188e+14
-3.76382e+14
         0.4
         0.2
         0.5
7.30748e+14
1.25724e+15
7.44994e+14
        0.1
       -0.5
        0.2
2.25654e+15
4.53958e+15
3.12793e+15
      -0.65
       -1.8
          0
5.36518e+15
1.27636e+16
9.80808e+15
        0.6
        0.8
       -0.4
1.06385e+15
 3.0385e+15
2.53119e+15
          0
       -1.2
        0.3
2.85285e+14
9.98787e+14
8.83663e+14
      0.025
       -1.1
     -0.475
-nan
-nan
-nan
-nan
-nan
-nan
-5.41143e+14
-3.15946e+15
-3.01932e+15
         0.3
           0
         0.3
-1.38778e-17
     -1.5625
       -1.35
    0.340634
    0.798553
    0.175792
-6.71783e+12
-9.20555e+13
-9.12676e+13
    -0.08125
          -4
    0.315375
-2.02299e+13
-7.02691e+14
-7.01728e+14
    0.245312
       3.125
      -2.825
-1.40374e+13
 1.11825e+15
 1.11795e+15
        0.45
        12.8
         0.3
-2.42329e+15
 4.71904e+16
 4.69739e+16
           0
           0
         0.3
 4.91586e+14
-5.59413e+15
-5.51719e+15
       -19.2
        60.8
        -9.3
-7.73716e+13
 6.32281e+14
 6.15049e+14
         0.1
           1
        -0.8
 1.17791e+15
-7.59671e+15
-7.25759e+15
        0.35
        -0.2
         -20
 3.40189e+13
-1.82761e+14
-1.70788e+14
           0
         3.6
    0.245324
-8.5597e+14
3.96629e+15
 3.6112e+15
       -0.1
        1.6
        0.9
 7.70477e+14
-3.15441e+15
-2.78735e+15
   0.0609474
     1.18206
        -0.9
 6.83618e+14
-2.51662e+15
-2.14982e+15
         0.4
         0.9
         0.5
 3.56229e+14
-1.19483e+15
-9.82817e+14
        0.15
         1.1
        0.95
 6.99316e+14
-2.15888e+15
-1.70289e+15
         0.2
         0.2
         0.4
-nan
-nan
-nan
-nan
-nan
   0
-nan
-nan
-nan
-nan
-nan
-nan
-nan
-nan
-nan
-0.3
 1.9
 0.4
-6.03777e+14
 1.42575e+15
 9.07392e+14
    0.365792
           0
         0.3
0.825
-0.05
 -0.5
 -0.6
  0.2
  0.2
-nan
-nan
-nan
-nan
-nan
-nan
-2.6
 2.6
-0.3
 0.4
 1.2
 0.1
   -1.4
   0.45
   -0.2
    0.2
    0.6
-0.0125
        -1.6
       -7.85
-1.11022e-16
    -3.82562
     2.14987
-2.22045e-16
  77.5
-133.8
 -37.2
  44.8
  -6.4
   0.3
-9.92783e+14
 1.58916e+15
 5.09171e+14
   -0.921438
     1.20103
         0.2
-6.72898e+15
 1.01301e+16
 2.74124e+15
     2.02596
        -0.2
           0
-nan
-nan
-nan
-nan
-nan
-nan
-2.76662e+15
  3.6229e+15
 6.02042e+14
         0.6
       0.075
    0.110937
-9.6995e+15
1.16946e+16
1.29359e+15
          0
        0.4
        0.3
        8
     -6.8
-0.360937
 0.692832
        0
     0.25
-8.01173e+14
 7.82834e+14
-9.78362e+12
        2.15
    -0.24375
         0.2
-2.37459e+17
 2.01288e+17
-1.71336e+16
     16.1606
    0.764248
        -8.4
-7.83226e+15
 5.51523e+15
-9.55984e+14
   0.0681935
    0.294144
         0.3
 5.57752e+15
-3.02662e+15
 8.93851e+14
         0.4
        0.15
         0.5
-2.81034e+14
 1.00617e+14
-5.18422e+13
           4
      0.0125
         0.3
-6.91574e+15
 9.92995e+14
-1.32447e+15
        -2.3
     0.33125
         0.4
-nan
-nan
-nan
-nan
-nan
-nan
        6
     6.15
-0.490625
  1.28977
 0.448751
     1.25
-1.42708e+16
-1.12698e+16
-7.81494e+14
        -0.8
           0
          -2
-2.7
-2.6
-0.1
-2.6
-0.1
 0.3
-7.18865e+15
-1.34717e+16
 2.01481e+15
          -2
       -0.25
         0.3
 2.05461e+15
 5.54111e+15
-1.22126e+15
    -1.16536
           0
       0.175
  3.6
 14.2
-1.65
 -0.7
 0.35
 0.35
-3.21322e+14
-1.79985e+15
 6.03857e+14
   -0.954235
           0
        -0.3
 5.28096e+14
 4.48712e+15
-1.72983e+15
          -1
       -0.25
         0.3
 1.89105e+15
 2.67913e+16
-1.15804e+16
        12.8
     6.84409
         0.3
  1.0828e+14
 3.24306e+15
-1.54491e+15
       -0.55
-2.77556e-17
      -0.125
  0.0078125
   -1.22109
  -0.390625
  -0.409375
  -0.404688
-0.00078125
-nan
-nan
-nan
-nan
-nan
-nan
-1.86897e+13
 4.69819e+14
-2.80269e+14
   -0.277344
    0.201563
     0.31875
-nan
-nan
-nan
-nan
-nan
-nan
-nan
-nan
-nan
-nan
-nan
   0
     1.9
-0.43125
 -0.2875
    -0.3
    -0.1
    0.35
 1180.8
-9369.6
 2380.8
  -9216
-9830.4
   40.8
      0.4
    -12.8
     -4.4
-0.159375
      0.3
      0.3
-4.625
   0.3
  -0.5
 -0.35
   0.2
  -0.1
 1.76605e+13
-1.83301e+14
 1.50269e+14
     -0.6625
        0.15
       0.075
6.93889e-18
       -0.3
      -0.15
    -0.0625
        0.4
       0.65
 4.30344e+13
-4.50371e+14
 3.91477e+14
         0.1
        0.75
      -1.225
-nan
-nan
-nan
-nan
-nan
   0
  -4.8
  0.95
-0.675
     0
1.0375
  -0.1
  -0.0375
-0.156738
   0.0875
   0.1125
    1.125
  0.65625
-2.49614e+14
 3.23586e+15
-3.06356e+15
    0.180016
         0.4
         0.2
 4.88891e+13
-7.06826e+14
 6.79443e+14
     -0.0375
           0
           0
-nan
-nan
-nan
-nan
-nan
-nan
  1.6084e+13
-3.27577e+14
 3.22269e+14
     -1.7875
        -4.9
      0.0875
 3.21688e+13
-8.71105e+14
 8.63792e+14
       -0.15
         2.8
         0.3
 4.21802e+13
-1.81354e+15
 1.80799e+15
        -0.1
      -0.075
    -0.00625
 2.82813e+16
-3.52827e+18
 3.52709e+18
      -428.8
    -13107.2
        51.5
 3.67827e+12
 4.13804e+14
-4.13647e+14
-1.38778e-17
        -9.3
     1.19219
 1.14932e+17
 4.17003e+18
-4.15599e+18
      -821.6
      4915.2
       -31.7
 7.11522e+13
 1.47841e+15
-1.46438e+15
       0.325
        -3.2
         0.3
-5.87991e+13
 -8.3127e+14
 8.15502e+14
           0
        -1.2
        -0.1
 2.25453e+15
 2.35946e+16
-2.28384e+16
    -5.59451
     15.9749
        -9.6
  9.9964e+13
 8.14138e+14
-7.74242e+14
     -0.3625
       0.225
        0.75
 6.35636e+13
  4.1636e+14
-3.87151e+14
       -0.15
         0.1
-1.11022e-16
 5.13119e+14
 2.76664e+15
-2.50142e+15
       0.375
      -0.475
         2.8
 5.04671e+14
 2.27831e+15
-1.98999e+15
        -0.3
           0
        -0.4
-3.30422e+13
-1.26511e+14
 1.05928e+14
        -0.2
        -1.2
         0.8
 1.75346e+15
 5.75052e+15
-4.57241e+15
       -0.15
        -1.9
         3.3
     -1.7
-0.817871
     -0.1
    -0.15
     -0.3
    -0.25
-nan
-nan
-nan
-nan
-nan
-nan
 -0.5
 -1.6
 0.15
-0.45
 -0.2
 -0.1
-nan
-nan
-nan
-nan
-nan
 0.6
     12.8
     16.4
    -27.4
    -19.2
     19.2
-0.271875
 5.54621e+15
 8.01298e+15
-2.94256e+15
        -2.2
         0.6
         1.2
-nan
-nan
-nan
-nan
-nan
-nan
-1.38266e+16
-1.54078e+16
  1.9024e+15
        -4.4
         3.6
        -2.4
-1.51063e+15
-1.47573e+15
-4.21241e+13
       -0.35
      -0.325
        0.55
     1.3
   0.825
  -0.225
-0.19375
 -0.0375
  -0.025
-nan
-nan
-nan
-nan
-nan
-nan
-1.55801e+15
-1.00452e+15
-6.71801e+14
         0.6
        -0.2
   -0.238826
 -4.0978e+14
-2.27349e+14
-2.21512e+14
       -0.75
           0
       -0.25
  -1.5
  -1.2
-0.825
  -0.8
-0.125
   0.1
-nan
-nan
-nan
-nan
-nan
-nan
2.11742e+15
6.98637e+14
1.71669e+15
        0.4
       -0.9
        1.8
-8.99421e+14
  -2.402e+14
-7.95406e+14
     -0.9375
    -0.05625
        0.05
 -4.5987e+13
  -9.614e+12
-4.37259e+13
 2.77556e-17
      -0.175
         0.7
1.31374e+15
2.04147e+14
 1.3278e+15
       -9.6
        0.4
   -5.01266
1.57148e+14
1.65929e+13
1.67265e+14
       -1.4
   -0.08125
   0.246875
 4.0385e+16
2.39179e+15
4.49179e+16
          6
    -0.6875
    4.68622
2.05017e+15
3.26726e+13
2.36713e+15
       12.8
      -0.35
       25.6
 6.96927e+15
-1.71459e+14
  8.3053e+15
         1.6
      -0.225
       -0.05
 -1.5977e+16
 1.00147e+15
-1.95521e+16
        -5.2
        -0.4
        19.2
-1.09258e+15
  1.0769e+14
-1.36678e+15
           0
        -0.4
      0.3125
-nan
-nan
-nan
-nan
-nan
  18
-0.371875
    -0.35
     -0.9
   -0.125
    -0.45
   -0.325
-nan
-nan
-nan
-nan
-nan
-nan
-2.13507e+15
  4.7949e+14
 -2.8039e+15
    -1.08076
   -0.626389
         3.4
-4.18126e+15
 1.05653e+15
-5.50874e+15
         1.9
       -0.15
         0.1
-4.31407e+13
   1.207e+13
-5.68231e+13
      1.8375
        0.25
         0.6
-nan
-nan
-nan
-nan
-nan
-nan
 6.82933e+15
-2.26492e+15
 8.89582e+15
         1.4
        -0.3
         2.4
-nan
-nan
-nan
-nan
-nan
-nan
-1.85203e+15
 7.06652e+14
-2.34956e+15
      0.8375
       0.475
         0.3
 3.29884e+16
-1.34014e+16
 4.10351e+16
         8.6
           6
        -0.8
-2.99846e+14
 1.29246e+14
-3.63917e+14
        -0.6
        -0.3
      -0.275
 -1.6
  3.7
 -2.4
 0.15
-0.25
  0.8
 4.73497e+15
-2.28219e+15
 5.37466e+15
        -0.4
        -0.2
         0.2
  -1.6
  -2.8
   4.8
   0.7
  -0.5
1.2375
-1.42025e+15
 7.62619e+14
-1.46128e+15
        -0.3
        -0.4
        2.65
-3.7
   5
 0.8
1.05
0.65
 1.8
  0.7
  0.5
 1.15
0.425
 -0.7
0.525
   3.55
      3
    2.8
0.03125
 -0.625
    1.5
-614.4
 524.8
-307.2
   3.2
  -6.4
 153.6
-2.22138e+15
 1.61081e+15
-1.31217e+15
         0.2
        -0.6
       0.325
2.83174e+15
-2.2149e+15
1.29696e+15
       -0.3
       -1.4
        0.1
-5.65619e+14
 4.82207e+14
  -1.704e+14
       -0.55
        -2.2
       0.225
 -2.3132e+15
 2.18107e+15
-2.60095e+14
         0.3
          -1
     0.24375
-7.68376e+16
 8.18242e+16
 9.36326e+15
        -8.8
       -27.2
    -13.1987
 3.16655e+15
-3.93014e+15
-1.35008e+15
      -0.025
          -1
-2.77556e-17
-1.68693e+17
  2.5669e+17
 1.44038e+17
        25.6
       115.2
       -25.6
-nan
-nan
-nan
-nan
-nan
-nan
 -2.2
 -0.6
  2.4
 -0.4
 -5.6
0.475
 1.61844e+16
-2.27341e+17
-2.26168e+17
         1.6
       716.8
         1.9
      -2.75
          1
        3.4
       -0.4
8.88178e-16
        0.3
-nan
-nan
-nan
-nan
-nan
-0.2
9.37309e+15
1.01732e+16
1.52437e+15
    0.20625
        3.4
       -0.3
-2.22829e+16
-1.55761e+16
 1.60458e+16
         0.3
           0
         0.4
-nan
-nan
-nan
-nan
-nan
-nan
3.55264e+14
1.18197e+14
-9.1447e+14
   0.137244
   0.470392
     -153.6
-8.96017e+16
-2.07981e+16
 3.46605e+17
         9.6
       -25.6
       -38.4
        -2.4
         5.6
           0
       0.325
-2.77556e-17
        -5.4
-nan
-nan
-nan
-nan
-nan
-nan
46.8875
  179.2
  158.4
   -0.8
  -11.2
  -25.6
       -18
      44.8
   268.967
  0.344671
-0.0305865
     -38.4
-5.85523e+15
 2.46813e+13
-1.17731e+18
 9.80772e-15
        -0.2
      2508.8
 -2.8454e+15
   7.601e+13
-8.74176e+16
    0.387467
    0.355433
        -6.4
-0.85625
   0.375
       0
   0.475
       0
  0.6375
 2.06368e+16
-1.22897e+15
 2.63518e+17
     1.99018
     1.02103
         0.3
-6.54443e+16
 4.66096e+15
-6.68705e+17
       -4.95
         1.1
         1.3
 9.70909e+12
-7.79948e+11
 8.38239e+13
    0.346875
   -0.028125
    0.171875
-5.11344e+15
 4.45932e+14
-3.85841e+16
    -3.69501
      2.7957
        44.8
-5.69314e+14
 5.24311e+13
-3.84066e+15
        -3.6
         1.8
           0
    3.7
-14.975
  -17.6
   20.8
    2.4
0.31875
 6.51375e+15
-6.29318e+14
 3.66974e+16
         0.6
           0
         0.9
 1.29742e-220
-1.25349e-221
 7.30949e-220
            0
            0
-5.97547e-237
 7.01776e+16
-6.77393e+15
 3.66662e+17
      57.408
     41.4576
    -1046.22
  -0.6459
-0.692156
   0.7956
   0.6972
   0.2481
 0.732437
 1.86916e+16
-1.72191e+15
 8.55814e+16
    -45.2154
     18.6239
     9.50295
-1.12881e+16
 9.92428e+14
-4.87068e+16
      -0.592
      0.7912
      2.5602
-3.16871e+14
 2.61173e+13
-1.29259e+15
      0.4905
           0
       3.149
-nan
-nan
-nan
-nan
-nan
-nan
-nan
-nan
-nan
-nan
-nan
-nan
-7.62657e+15
 4.44347e+14
-2.66133e+16
     381.901
    -45.4016
       1.168
5.18977e+16
 -2.471e+15
1.72331e+17
    10.8976
     3.3929
   -242.112
 6.91008e+14
-2.46103e+13
 2.18457e+15
     -1.1015
    0.179156
    0.274969
-9.63558e+14
 2.14128e+13
-2.90066e+15
       4.624
           0
       0.289
  2.4305e+15
-1.79295e+13
 6.96585e+15
 2.32568e-14
       0.288
     2334.81
  -nan
  -nan
  -nan
  -nan
  -nan
17.737
-nan
-nan
-nan
-nan
-nan
-nan
-1.64937e+15
-7.69687e+13
-4.06121e+15
      -4.493
    0.133594
    -0.19175
-3.31321e+15
-2.25902e+14
-7.73496e+15
     -4.5216
     -0.6035
     0.21915
-1.84846e+16
-1.69429e+15
-4.08351e+16
      -1.132
           0
      -1.981
-2.08622e+16
-2.44614e+15
-4.35047e+16
    -15.1072
     -0.9568
    -2.76401
-nan
-nan
-nan
-nan
-nan
-nan
-0.58275
  -0.644
       0
  -3.752
    0.84
   0.658
-0.267975
  -0.3206
   -1.116
  -0.0832
        0
   0.5996
1.76294e+15
4.31576e+14
 2.8127e+15
    -0.9318
          0
     0.0516
-1.88798e+14
-5.36729e+13
-2.77848e+14
   -0.686325
   0.0519375
     -1.2873
2.61105e+15
8.55069e+14
3.51508e+15
     1.1494
      0.828
          0
 0.55
-2.98
 0.71
1.065
 0.08
  2.2
 -1.4219
-1.39595
-0.35775
  0.0289
  0.2055
 0.25955
-0.119612
0.0415625
 0.129412
-0.196219
 0.196219
 0.113356
   -4.352
  14.9248
-0.885704
-0.676585
-0.649637
    2.176
 -1.0456
  0.0971
 -0.3884
-0.00905
  0.3297
  0.1739
1.69831e+15
1.18133e+15
8.83309e+14
  -0.529518
   0.065518
      -0.81
-6.12935e+14
-4.79853e+14
-2.21489e+14
    0.043025
    0.472106
    0.091475
-4.9024
-2.9184
-1.2656
-0.1936
-0.2904
 0.3127
1.19985e+16
1.19006e+16
1.54536e+14
     0.1472
     0.6076
     0.6307
-1.02973e+16
-1.15125e+16
 1.86858e+15
      -1.064
     -0.3864
      2.5144
-1.68602e+15
-2.12893e+15
 6.63167e+14
   -0.635414
   -0.414172
      -0.265
  -2.5896
  -1.7472
  -0.1928
-0.118343
 0.125981
  -0.1194
 2.46458e+15
 4.00671e+15
-2.18849e+15
     18.0752
     37.5744
       2.715
-4.05048e+15
-7.52248e+15
  4.7956e+15
     -0.3316
      0.1064
     1.49068
-2.16368e+15
-4.61945e+15
 3.30063e+15
     0.77945
      1.4972
     -1.7582
3.11194e+14
 7.6997e+14
-5.9987e+14
     -0.113
      0.424
   0.187504
-5.42661e+13
-1.57231e+14
 1.30943e+14
   -0.116348
    0.344783
      0.6475
-nan
-nan
-nan
-nan
-nan
-nan
-nan
-nan
-nan
-nan
-nan
-nan
8.06624e+14
4.15763e+15
-3.9139e+15
     1.8536
      2.048
     0.0324
-4.40973e+13
-2.92269e+14
 2.81565e+14
     -0.1275
       0.319
    -1.10762
-6.15636e+14
-5.55651e+15
 5.44326e+15
    -22.3616
           0
       0.254
-8.17244e+13
-1.11224e+15
 1.10196e+15
    -0.17415
      1.6428
      0.4731
 2.06302e+13
 5.33421e+14
-5.32014e+14
     -0.3388
      0.7616
      6.3448
 5.95097e+12
 9.64918e+14
-9.64852e+14
    0.133344
      48.192
 -0.00932969
-1.11218e+15
 4.58762e+16
-4.58259e+16
     11.1816
     -162.84
    0.046875
-6.23116e+15
 1.18168e+17
-1.17538e+17
      63.744
    -379.341
      1.7674
 -0.062
 0.5416
      0
 -0.248
-1.3712
  0.496
 2.53102e+13
-2.42071e+14
 2.36725e+14
      0.3129
     -4.7096
     0.78835
-4.09061e+13
 3.19174e+14
-3.08312e+14
     -0.0473
       -1.23
      0.1987
-nan
-nan
-nan
-nan
-nan
-nan
 -nan
 -nan
 -nan
 -nan
 -nan
0.244
-1.86607e+14
  9.7648e+14
-8.97119e+14
     -0.3237
   -0.213075
  -0.0353625
 3.25007e+14
-1.54933e+15
 1.39413e+15
      0.3561
     -1.6802
      -0.726
  -nan
  -nan
  -nan
  -nan
  -nan
0.0941
 -nan
 -nan
 -nan
-0.24
    0
0.386
-nan
-nan
-nan
-nan
-nan
-nan
     0
0.4508
0.5698
0.2128
-0.476
 0.238
-7.81633e+14
  2.7023e+15
 -2.1306e+15
    0.261906
     -0.2563
    0.468144
-7.51099e+14
 2.48049e+15
-1.89411e+15
     -0.0936
   -0.421454
       0.472
-54.824
121.696
-49.568
 -45.12
 57.088
  1.175
 0.3274
-2.0588
 0.2812
 0.0472
-0.5624
      0
 3.48321e+14
-1.02528e+15
 7.02944e+14
   -0.139825
   -0.302975
      0.1397
-0.1015
  0.696
      0
-0.0932
-0.6028
 0.0311
  -1.0171
-0.243075
        0
  0.20685
  -0.1379
  0.06895
-0.878156
 0.557813
 -1.48094
-0.237187
   -0.323
 -2.26972
-0.328112
 0.543206
0.0301781
   -0.229
  -0.4148
 0.303262
-0.4623
 1.0101
 0.1879
-1.0976
 0.1856
 0.0802
  -nan
  -nan
  -nan
-0.681
 0.227
 0.454
 -nan
 -nan
 -nan
 -nan
 -nan
0.452
0.099375
 0.58875
-0.36375
   0.265
   -0.45
  0.5625
  9.6593e+15
-2.26029e+16
 9.81734e+15
      9.6992
      -6.328
     -0.3696
  9.1248e+14
-2.09292e+15
 8.49229e+14
    -0.15765
   -0.093225
           0
 0.1844
 0.0752
-0.4713
 0.4252
-0.2869
0.30055
 2.27337e+14
-5.01384e+14
 1.74768e+14
   -0.934572
           0
     -0.5709
-nan
-nan
-nan
-nan
-nan
-nan
-0.0561531
    0.7489
 0.0246875
   -0.0176
  -0.16425
  0.369991
-3.87052e+15
 8.02923e+15
-2.11154e+15
     -0.5852
      -0.327
       0.327
-5.21937e+14
 1.05831e+15
-2.48237e+14
   -0.737461
   -0.081375
           0
 1.2304
 3.8224
-0.3664
-0.2488
-0.1538
-0.1244
  6.9095e+14
-1.32723e+15
 2.36125e+14
     -0.9675
     0.05375
       1.139
-7.08276e+14
 1.31449e+15
-1.96728e+14
      -0.428
      -0.107
       0.214
-nan
-nan
-nan
-nan
-nan
-nan
-4.28471e+15
  7.1922e+15
 -6.6966e+14
           0
     -0.1362
      0.0342
  -4.3446
   1.5728
-0.144438
   2.4168
  -0.5131
    0.211
-nan
-nan
-nan
-nan
-nan
-nan
-1.76216e+17
 1.81701e+17
-4.81457e+14
    -11.0512
      -0.209
      0.1818
-4.72697e+16
 1.88348e+16
 1.14462e+15
     -3.5392
    -0.21605
     -0.8378
   -nan
   -nan
   -nan
   -nan
   -nan
-0.1163
 2.75277e+12
-1.96536e+15
-1.06591e+14
   0.0064375
   -0.206035
-0.000353906
 -5.5775
-4.83875
       0
   2.774
  -0.006
  0.7175
-nan
-nan
-nan
-nan
-nan
-nan
 1.24337e+15
-4.39225e+15
-6.10418e+14
      1.4448
  -0.0765559
     -0.0903
-1.11486e+15
 3.59472e+15
 5.93846e+14
     -0.4472
     -0.0559
   -0.213755
 2.08164e+15
-6.33277e+15
-1.20953e+15
      0.9426
     -0.1906
       0.402
 7.41027e-221
-2.25435e-220
 -4.3057e-221
 4.78038e-236
 -7.9673e-237
            0
