 1.59155e-05  0.000159155            0
 0.000159155  1.59155e-05           -0
           0 -1.59155e-05           -0
 4.77465e-05  0.000477465            0
 0.000477465  4.77465e-05           -0
           0 -4.77465e-05           -0
9.54929e-05  0.00095493           0
 0.00095493 9.54929e-05          -0
          0 -9.5493e-05          -0
 0.000159155   0.00159155            0
  0.00159155  0.000159155           -0
           0 -0.000159155           -0
 0.000238732   0.00238732            0
  0.00238732  0.000238732           -0
           0 -0.000238732           -0
 0.000334224   0.00334225            0
  0.00334225  0.000334224           -0
           0 -0.000334225           -0
 0.000445629   0.00445632            0
  0.00445632  0.000445629           -0
           0 -0.000445634           -0
 0.000572948   0.00572955            0
  0.00572955  0.000572948           -0
           0 -0.000572958           -0
 0.000716179   0.00716191            0
  0.00716191  0.000716179           -0
           0 -0.000716197           -0
 0.000875319   0.00875341            0
  0.00875341  0.000875319           -0
           0 -0.000875352           -0
 0.00105036    0.010504           0
   0.010504  0.00105036          -0
          0 -0.00105042          -0
 0.00124131   0.0124138           0
  0.0124138  0.00124131          -0
          0 -0.00124141          -0
 0.00144816   0.0144826           0
  0.0144826  0.00144816          -0
          0 -0.00144831          -0
 0.00167089   0.0167105           0
  0.0167105  0.00167089          -0
          0 -0.00167113          -0
 0.00190951   0.0190974           0
  0.0190974  0.00190951          -0
          0 -0.00190986          -0
   0.002164   0.0216433           0
  0.0216433    0.002164          -0
          0 -0.00216451          -0
 0.00243435   0.0243482           0
  0.0243482  0.00243435          -0
          0 -0.00243507          -0
 0.00272054    0.027212           0
   0.027212  0.00272054          -0
          0 -0.00272155          -0
 0.00302256   0.0302347           0
  0.0302347  0.00302256          -0
          0 -0.00302394          -0
 0.00334038   0.0334161           0
  0.0334161  0.00334038          -0
          0 -0.00334225          -0
 0.00367399   0.0367563           0
  0.0367563  0.00367399          -0
          0 -0.00367647          -0
 0.00402335    0.040255           0
   0.040255  0.00402335          -0
          0 -0.00402661          -0
 0.00438843   0.0439122           0
  0.0439122  0.00438843          -0
          0 -0.00439266          -0
 0.00476919   0.0477278           0
  0.0477278  0.00476919          -0
          0 -0.00477463          -0
 0.00516559   0.0517016           0
  0.0517016  0.00516559          -0
          0 -0.00517251          -0
  0.0055776   0.0558335           0
  0.0558335   0.0055776          -0
          0 -0.00558631          -0
 0.00600514   0.0601232           0
  0.0601232  0.00600514          -0
          0 -0.00601602          -0
 0.00644816   0.0645706           0
  0.0645706  0.00644816          -0
          0 -0.00646165          -0
  0.0069066   0.0691754           0
  0.0691754   0.0069066          -0
          0 -0.00692318          -0
 0.00738038   0.0739375           0
  0.0739375  0.00738038          -0
          0 -0.00740064          -0
0.00786942  0.0788564          0
 0.0788564 0.00786942         -0
         0  -0.007894         -0
 0.00837363    0.083932           0
   0.083932  0.00837363          -0
          0 -0.00840328          -0
 0.00889291   0.0891638           0
  0.0891638  0.00889291          -0
          0 -0.00892847          -0
 0.00942715   0.0945515           0
  0.0945515  0.00942715          -0
          0 -0.00946958          -0
0.00997623   0.100095          0
  0.100095 0.00997623         -0
         0 -0.0100266         -0
   0.01054   0.105793          0
  0.105793    0.01054         -0
         0 -0.0105995         -0
 0.0111184   0.111646          0
  0.111646  0.0111184         -0
         0 -0.0111884         -0
 0.0117112   0.117652          0
  0.117652  0.0117112         -0
         0 -0.0117931         -0
 0.0123182   0.123813          0
  0.123813  0.0123182         -0
         0 -0.0124138         -0
 0.0129394   0.130126          0
  0.130126  0.0129394         -0
         0 -0.0130503         -0
 0.0135744   0.136591          0
  0.136591  0.0135744         -0
         0 -0.0137028         -0
  0.014223   0.143208          0
  0.143208   0.014223         -0
         0 -0.0143712         -0
 0.0148852   0.149975          0
  0.149975  0.0148852         -0
         0 -0.0150555         -0
 0.0155605   0.156893         -0
  0.156893  0.0155605         -0
         0 -0.0157557         -0
 0.0162488   0.163959         -0
  0.163959  0.0162488          0
         0 -0.0164718         -0
 0.0169498   0.171174         -0
  0.171174  0.0169498          0
         0 -0.0172038         -0
 0.0176632   0.178535         -0
  0.178535  0.0176632          0
         0 -0.0179517         -0
 0.0183887   0.186043         -0
  0.186043  0.0183887          0
         0 -0.0187155         -0
 0.0191259   0.193695         -0
  0.193695  0.0191259          0
         0 -0.0194952         -0
 0.0198745   0.201491         -0
  0.201491  0.0198745          0
         0 -0.0202909         -0
 0.0206342    0.20943         -0
   0.20943  0.0206342          0
         0 -0.0211024         -0
 0.0214045   0.217509         -0
  0.217509  0.0214045          0
         0 -0.0219298         -0
  0.022185   0.225728         -0
  0.225728   0.022185          0
         0 -0.0227731         -0
 0.0229753   0.234086         -0
  0.234086  0.0229753          0
         0 -0.0236323         -0
  0.023775   0.242579         -0
  0.242579   0.023775          0
         0 -0.0245074         -0
 0.0245834   0.251207         -0
  0.251207  0.0245834          0
         0 -0.0253984         -0
 0.0254002   0.259969         -0
  0.259969  0.0254002          0
         0 -0.0263053         -0
0.0262247  0.268861        -0
 0.268861 0.0262247         0
        0 -0.027228        -0
 0.0270565   0.277883         -0
  0.277883  0.0270565          0
         0 -0.0281667         -0
 0.0278948   0.287031         -0
  0.287031  0.0278948          0
         0 -0.0291212         -0
 0.0287391   0.296305         -0
  0.296305  0.0287391          0
         0 -0.0300917         -0
0.0295887  0.305701        -0
 0.305701 0.0295887         0
        0 -0.031078        -0
 0.0304429   0.315217         -0
  0.315217  0.0304429          0
         0 -0.0320801          0
 0.0313011   0.324851         -0
  0.324851  0.0313011          0
         0 -0.0330982          0
 0.0321624     0.3346         -0
    0.3346  0.0321624          0
         0 -0.0341321          0
  0.033026   0.344461         -0
  0.344461   0.033026          0
         0 -0.0351819          0
 0.0338912   0.354431         -0
  0.354431  0.0338912          0
         0 -0.0362476          0
 0.0347571   0.364508         -0
  0.364508  0.0347571          0
         0 -0.0373291          0
 0.0356228   0.374688         -0
  0.374688  0.0356228          0
         0 -0.0384265          0
 0.0364874   0.384968         -0
  0.384968  0.0364874          0
         0 -0.0395397          0
 0.0373499   0.395345         -0
  0.395345  0.0373499          0
         0 -0.0406688          0
 0.0382093   0.405815         -0
  0.405815  0.0382093          0
         0 -0.0418137          0
 0.0390646   0.416374         -0
  0.416374  0.0390646          0
         0 -0.0429745          0
 0.0399146   0.427019         -0
  0.427019  0.0399146          0
         0 -0.0441511          0
 0.0407584   0.437746         -0
  0.437746  0.0407584          0
         0 -0.0453436          0
 0.0415947    0.44855         -0
   0.44855  0.0415947          0
         0 -0.0465519          0
0.0424224  0.459428         0
 0.459428 0.0424224        -0
        0 -0.047776         0
0.0432402  0.470374         0
 0.470374 0.0432402        -0
        0 -0.049016         0
 0.0440468   0.481385          0
  0.481385  0.0440468         -0
         0 -0.0502718          0
  0.044841   0.492455          0
  0.492455   0.044841         -0
         0 -0.0515434          0
 0.0456213   0.503581          0
  0.503581  0.0456213         -0
         0 -0.0528307          0
0.0463865  0.514755         0
 0.514755 0.0463865        -0
        0 -0.054134         0
0.0471349  0.525975         0
 0.525975 0.0471349        -0
        0 -0.055453         0
 0.0478653   0.537233          0
  0.537233  0.0478653         -0
         0 -0.0567877          0
 0.0485759   0.548525          0
  0.548525  0.0485759         -0
         0 -0.0581383          0
 0.0492654   0.559845          0
  0.559845  0.0492654         -0
         0 -0.0595047          0
 0.0499321   0.571187          0
  0.571187  0.0499321         -0
         0 -0.0608868          0
 0.0505743   0.582545          0
  0.582545  0.0505743         -0
         0 -0.0622847          0
 0.0511904   0.593912          0
  0.593912  0.0511904         -0
         0 -0.0636984         -0
 0.0517786   0.605282          0
  0.605282  0.0517786         -0
         0 -0.0651278         -0
0.0523371   0.61665         0
  0.61665 0.0523371        -0
        0 -0.066573        -0
 0.0528643   0.628007          0
  0.628007  0.0528643         -0
         0 -0.0680339         -0
 0.0533581   0.639347          0
  0.639347  0.0533581         -0
         0 -0.0695105         -0
 0.0538169   0.650663          0
  0.650663  0.0538169         -0
         0 -0.0710029         -0
0.0542385  0.661947         0
 0.661947 0.0542385        -0
        0 -0.072511        -0
 0.0546211   0.673192          0
  0.673192  0.0546211         -0
         0 -0.0740347         -0
 0.0549627   0.684391          0
  0.684391  0.0549627         -0
         0 -0.0755742         -0
 0.0552613   0.695535          0
  0.695535  0.0552613         -0
         0 -0.0771294         -0
 0.0555147   0.706617         -0
  0.706617  0.0555147         -0
         0 -0.0787002         -0
 0.0555147   0.706617         -0
  0.706617  0.0555147         -0
         0 -0.0787002         -0
 0.0634242   0.738352         -0
  0.738352  0.0634242         -0
         0 -0.0945557         -0
0.0700514   0.76812        -0
  0.76812 0.0700514         0
        0 -0.110387        -0
0.0753343  0.795838        -0
 0.795838 0.0753343         0
        0 -0.126191        -0
0.0792174  0.821425        -0
 0.821425 0.0792174         0
        0 -0.141962        -0
 0.081652  0.844813        -0
 0.844813  0.081652         0
        0 -0.157698        -0
0.0825964  0.865936        -0
 0.865936 0.0825964         0
        0 -0.173394        -0
0.0820162  0.884742        -0
 0.884742 0.0820162         0
        0 -0.189046        -0
0.0798841  0.901183        -0
 0.901183 0.0798841         0
        0  -0.20465        -0
0.0761808   0.91522        -0
  0.91522 0.0761808         0
        0 -0.220202        -0
0.0708941  0.926823        -0
 0.926823 0.0708941         0
        0 -0.235698        -0
  0.06402  0.935972        -0
 0.935972   0.06402         0
        0 -0.251134        -0
0.0555617  0.942654        -0
 0.942654 0.0555617         0
        0 -0.266507        -0
0.0455308  0.946864        -0
 0.946864 0.0455308         0
        0 -0.281813        -0
0.0339461  0.948607        -0
 0.948607 0.0339461         0
        0 -0.297047        -0
0.0208343  0.947897        -0
 0.947897 0.0208343         0
        0 -0.312206        -0
0.00622971   0.944754         -0
  0.944754 0.00622971          0
         0  -0.327286         -0
-0.00982587     0.93921          -0
    0.93921 -0.00982587          -0
          0   -0.342283          -0
-0.0272834   0.931302         -0
  0.931302 -0.0272834         -0
         0  -0.357193         -0
-0.0460867   0.921077         -0
  0.921077 -0.0460867         -0
         0  -0.372012         -0
-0.0661725    0.90859         -0
   0.90859 -0.0661725         -0
         0  -0.386738         -0
-0.087471  0.893903        -0
 0.893903 -0.087471        -0
        0 -0.401365        -0
-0.109906  0.877084        -0
 0.877084 -0.109906        -0
        0 -0.415891        -0
-0.133395  0.858212        -0
 0.858212 -0.133395        -0
        0 -0.430312        -0
 -0.15785  0.837369        -0
 0.837369  -0.15785        -0
        0 -0.444623        -0
-0.183178  0.814646        -0
 0.814646 -0.183178        -0
        0 -0.458822        -0
-0.209279  0.790137        -0
 0.790137 -0.209279        -0
        0 -0.472905        -0
-0.236051  0.763946        -0
 0.763946 -0.236051        -0
        0 -0.486868        -0
-0.263385  0.736179        -0
 0.736179 -0.263385        -0
        0 -0.500707        -0
-0.291171  0.706948        -0
 0.706948 -0.291171        -0
        0  -0.51442        -0
-0.319294  0.676369        -0
 0.676369 -0.319294        -0
        0 -0.528002        -0
-0.347635  0.644562        -0
 0.644562 -0.347635        -0
        0 -0.541451        -0
-0.376076  0.611651        -0
 0.611651 -0.376076        -0
        0 -0.554763        -0
-0.404493  0.577763        -0
 0.577763 -0.404493        -0
        0 -0.567934        -0
-0.432764  0.543026        -0
 0.543026 -0.432764        -0
        0 -0.580961        -0
-0.460764  0.507571        -0
 0.507571 -0.460764        -0
        0 -0.593841        -0
-0.488368  0.471531        -0
 0.471531 -0.488368        -0
        0  -0.60657        -0
-0.515451  0.435039        -0
 0.435039 -0.515451        -0
        0 -0.619146        -0
-0.541891  0.398228        -0
 0.398228 -0.541891        -0
        0 -0.631565        -0
-0.567563  0.361232        -0
 0.361232 -0.567563        -0
        0 -0.643824        -0
-0.592346  0.324184        -0
 0.324184 -0.592346        -0
        0 -0.655921        -0
-0.616123  0.287215        -0
 0.287215 -0.616123        -0
        0  -0.66785        -0
-0.638775  0.250454        -0
 0.250454 -0.638775        -0
        0 -0.679611        -0
-0.66019 0.214029       -0
0.214029 -0.66019       -0
       0  -0.6912       -0
-0.680258  0.178065        -0
 0.178065 -0.680258        -0
        0 -0.702613        -0
-0.698875  0.142684        -0
 0.142684 -0.698875        -0
        0 -0.713849        -0
-0.715938  0.108003        -0
 0.108003 -0.715938        -0
        0 -0.724904        -0
-0.731353 0.0741368        -0
0.0741368 -0.731353        -0
        0 -0.735775        -0
-0.745028 0.0411934        -0
0.0411934 -0.745028        -0
        0 -0.746459        -0
 -0.756879 0.00927762         -0
0.00927762  -0.756879         -0
         0  -0.756955         -0
 -0.766827 -0.0215118          0
-0.0215118  -0.766827         -0
         0  -0.767259         -0
 -0.774801 -0.0510819          0
-0.0510819  -0.774801         -0
         0  -0.777369         -0
 -0.780736 -0.0793455          0
-0.0793455  -0.780736         -0
         0  -0.787281          0
-0.784572 -0.106222         0
-0.106222 -0.784572        -0
        0 -0.796995         0
-0.786261 -0.131638         0
-0.131638 -0.786261        -0
        0 -0.806506         0
-0.785759 -0.155526         0
-0.155526 -0.785759        -0
        0 -0.815813         0
 -0.78303 -0.177826         0
-0.177826  -0.78303        -0
        0 -0.824914         0
-0.778049 -0.198487         0
-0.198487 -0.778049        -0
        0 -0.833805         0
-0.770795 -0.217463         0
-0.217463 -0.770795        -0
        0 -0.842485         0
 -0.76126 -0.234717         0
-0.234717  -0.76126        -0
        0 -0.850952         0
 -0.74944  -0.25022         0
 -0.25022  -0.74944        -0
        0 -0.859204         0
-0.735342 -0.263951         0
-0.263951 -0.735342        -0
        0 -0.867237         0
-0.718981 -0.275897         0
-0.275897 -0.718981        -0
        0 -0.875052         0
-0.700381 -0.286052         0
-0.286052 -0.700381        -0
        0 -0.882644         0
-0.679572 -0.294418         0
-0.294418 -0.679572        -0
        0 -0.890013         0
-0.656595 -0.301007         0
-0.301007 -0.656595        -0
        0 -0.897156         0
-0.631498 -0.305835        -0
-0.305835 -0.631498        -0
        0 -0.904072         0
-0.604337  -0.30893        -0
 -0.30893 -0.604337        -0
        0  -0.91076         0
-0.575177 -0.310325        -0
-0.310325 -0.575177        -0
        0 -0.917216         0
-0.544088  -0.31006        -0
 -0.31006 -0.544088        -0
        0  -0.92344         0
-0.511151 -0.308183        -0
-0.308183 -0.511151        -0
        0  -0.92943         0
-0.476451 -0.304749        -0
-0.304749 -0.476451        -0
        0 -0.935185         0
-0.440082  -0.29982        -0
 -0.29982 -0.440082        -0
        0 -0.940703         0
-0.402143 -0.293463        -0
-0.293463 -0.402143        -0
        0 -0.945983         0
-0.362739 -0.285751        -0
-0.285751 -0.362739        -0
        0 -0.951023         0
-0.321983 -0.276766        -0
-0.276766 -0.321983        -0
        0 -0.955822         0
-0.279992  -0.26659        -0
 -0.26659 -0.279992        -0
        0 -0.960379         0
-0.236886 -0.255313        -0
-0.255313 -0.236886        -0
        0 -0.964693         0
-0.192792 -0.243031        -0
-0.243031 -0.192792        -0
        0 -0.968762         0
-0.147841  -0.22984        -0
 -0.22984 -0.147841        -0
        0 -0.972586         0
-0.102167 -0.215842        -0
-0.215842 -0.102167        -0
        0 -0.976164         0
-0.0559055  -0.201143         -0
 -0.201143 -0.0559055         -0
         0  -0.979494          0
-0.00919719   -0.185849          -0
  -0.185849 -0.00919719          -0
          0   -0.982577           0
0.0378167 -0.170071        -0
-0.170071 0.0378167         0
        0  -0.98541         0
0.0849933 -0.153919        -0
-0.153919 0.0849933         0
        0 -0.987994         0
 0.132188 -0.137507        -0
-0.137507  0.132188         0
        0 -0.990328         0
 0.179258 -0.120947        -0
-0.120947  0.179258         0
        0  -0.99241         0
 0.226057 -0.104354        -0
-0.104354  0.226057         0
        0 -0.994242         0
  0.272442 -0.0878395         -0
-0.0878395   0.272442          0
         0  -0.995821          0
  0.318271 -0.0715166         -0
-0.0715166   0.318271          0
         0  -0.997149          0
  0.363402 -0.0554961         -0
-0.0554961   0.363402          0
         0  -0.998223          0
  0.407698 -0.0398871         -0
-0.0398871   0.407698          0
         0  -0.999045          0
  0.451021 -0.0247965         -0
-0.0247965   0.451021          0
         0  -0.999614          0
   0.49324 -0.0103283         -0
-0.0103283    0.49324          0
         0   -0.99993          0
  0.534226 0.00341671         -0
0.00341671   0.534226          0
         0  -0.999992          0
 0.573854 0.0163415        -0
0.0163415  0.573854         0
        0 -0.999801         0
 0.612004 0.0283532        -0
0.0283532  0.612004         0
        0 -0.999357         0
 0.648561 0.0393633        -0
0.0393633  0.648561         0
        0 -0.998659         0
 0.683416 0.0492884        -0
0.0492884  0.683416         0
        0 -0.997709         0
 0.716465 0.0580505        -0
0.0580505  0.716465         0
        0 -0.996506         0
 0.747612 0.0655772        -0
0.0655772  0.747612         0
        0 -0.995051         0
 0.776766  0.071802        -0
 0.071802  0.776766        -0
        0 -0.993343         0
 0.803844  0.076665        -0
 0.076665  0.803844        -0
        0 -0.991384         0
  0.82877 0.0801127        -0
0.0801127   0.82877        -0
        0 -0.989174         0
 0.851475 0.0820984        -0
0.0820984  0.851475        -0
        0 -0.986713         0
   0.8719 0.0825827        -0
0.0825827    0.8719        -0
        0 -0.984002         0
 0.889991 0.0815333        -0
0.0815333  0.889991        -0
        0 -0.981042         0
 0.905705 0.0789254        -0
0.0789254  0.905705        -0
        0 -0.977834         0
 0.919005 0.0747417        -0
0.0747417  0.919005        -0
        0 -0.974378         0
 0.929865 0.0689726        -0
0.0689726  0.929865        -0
        0 -0.970675         0
 0.938265 0.0616162        -0
0.0616162  0.938265        -0
        0 -0.966726         0
 0.944195 0.0526784        -0
0.0526784  0.944195        -0
        0 -0.962532         0
 0.947654 0.0421728        -0
0.0421728  0.947654        -0
        0 -0.958095         0
  0.94865 0.0301208        -0
0.0301208   0.94865        -0
        0 -0.953415         0
 0.947198 0.0165513        -0
0.0165513  0.947198        -0
        0 -0.948493         0
 0.943321 0.0015009        -0
0.0015009  0.943321        -0
        0 -0.943331         0
  0.937054 -0.0149863          0
-0.0149863   0.937054         -0
         0   -0.93793          0
  0.928437 -0.0328592          0
-0.0328592   0.928437         -0
         0  -0.932292          0
  0.917518 -0.0520593          0
-0.0520593   0.917518         -0
         0  -0.926417          0
  0.904355 -0.0725214          0
-0.0725214   0.904355         -0
         0  -0.920308          0
  0.889013 -0.0941738          0
-0.0941738   0.889013         -0
         0  -0.913966          0
 0.871562 -0.116938         0
-0.116938  0.871562        -0
        0 -0.907392         0
 0.852081 -0.140731         0
-0.140731  0.852081        -0
        0 -0.900588         0
 0.830657 -0.165461         0
-0.165461  0.830657        -0
        0 -0.893556         0
  0.80738 -0.191034         0
-0.191034   0.80738        -0
        0 -0.886298         0
  0.78235 -0.217351         0
-0.217351   0.78235        -0
        0 -0.878816         0
 0.755668 -0.244305         0
-0.244305  0.755668        -0
        0  -0.87111         0
 0.727444 -0.271789         0
-0.271789  0.727444        -0
        0 -0.863184         0
 0.697791 -0.299689         0
-0.299689  0.697791        -0
        0  -0.85504         0
 0.666825 -0.327891         0
-0.327891  0.666825        -0
        0 -0.846679         0
  0.63467 -0.356275         0
-0.356275   0.63467        -0
        0 -0.838103         0
 0.601448 -0.384722         0
-0.384722  0.601448        -0
        0 -0.829315         0
 0.567288 -0.413107        -0
-0.413107  0.567288        -0
        0 -0.820317         0
 0.532319 -0.441309        -0
-0.441309  0.532319        -0
        0 -0.811112         0
 0.496673 -0.469202        -0
-0.469202  0.496673        -0
        0   -0.8017         0
 0.460481 -0.496661        -0
-0.496661  0.460481        -0
        0 -0.792086         0
 0.423878 -0.523562        -0
-0.523562  0.423878        -0
        0 -0.782271         0
 0.386997 -0.549781        -0
-0.549781  0.386997        -0
        0 -0.772258         0
 0.349971 -0.575195        -0
-0.575195  0.349971        -0
        0  -0.76205         0
 0.312933 -0.599685        -0
-0.599685  0.312933        -0
        0 -0.751648         0
 0.276013 -0.623132        -0
-0.623132  0.276013        -0
        0 -0.741056         0
 0.239341  -0.64542        -0
 -0.64542  0.239341        -0
        0 -0.730276         0
 0.203043 -0.666437        -0
-0.666437  0.203043        -0
        0 -0.719312         0
 0.167244 -0.686075        -0
-0.686075  0.167244        -0
        0 -0.708165         0
 0.132063  -0.70423         0
 -0.70423  0.132063        -0
        0 -0.696838         0
0.0976182 -0.720802         0
-0.720802 0.0976182        -0
        0 -0.685335         0
0.0640209 -0.735697         0
-0.735697 0.0640209        -0
        0 -0.673659         0
0.0313791 -0.748827         0
-0.748827 0.0313791        -0
        0 -0.661812         0
-0.000204561    -0.760107            0
   -0.760107 -0.000204561            0
           0    -0.649797            0
-0.030633 -0.769463         0
-0.769463 -0.030633         0
        0 -0.637618         0
-0.0598148  -0.776824          0
 -0.776824 -0.0598148          0
         0  -0.625277         -0
-0.0876651  -0.782126          0
 -0.782126 -0.0876651          0
         0  -0.612778         -0
-0.114105 -0.785315         0
-0.785315 -0.114105         0
        0 -0.600124        -0
-0.139063 -0.786342         0
-0.786342 -0.139063         0
        0 -0.587317        -0
-0.162475 -0.785166         0
-0.785166 -0.162475         0
        0 -0.574362        -0
-0.184282 -0.781755         0
-0.781755 -0.184282         0
        0 -0.561262        -0
-0.204435 -0.776085         0
-0.776085 -0.204435         0
        0 -0.548019        -0
-0.222891 -0.768139         0
-0.768139 -0.222891         0
        0 -0.534637        -0
-0.239616 -0.757909         0
-0.757909 -0.239616         0
        0  -0.52112        -0
-0.254582 -0.745395         0
-0.745395 -0.254582         0
        0 -0.507471        -0
-0.267772 -0.730608         0
-0.730608 -0.267772         0
        0 -0.493694        -0
-0.279173 -0.713563         0
-0.713563 -0.279173         0
        0 -0.479791        -0
-0.288784 -0.694288         0
-0.694288 -0.288784         0
        0 -0.465767        -0
-0.296608 -0.672815         0
-0.672815 -0.296608         0
        0 -0.451625        -0
 -0.30266 -0.649188         0
-0.649188  -0.30266         0
        0 -0.437368        -0
-0.306958 -0.623458         0
-0.623458 -0.306958         0
        0 -0.423001        -0
-0.309532 -0.595682         0
-0.595682 -0.309532         0
        0 -0.408526        -0
-0.310418 -0.565928         0
-0.565928 -0.310418         0
        0 -0.393948        -0
-0.309657 -0.534269         0
-0.534269 -0.309657         0
        0 -0.379271        -0
-0.307301 -0.500786         0
-0.500786 -0.307301         0
        0 -0.364497        -0
-0.303406 -0.465569         0
-0.465569 -0.303406         0
        0 -0.349631        -0
-0.298035 -0.428711         0
-0.428711 -0.298035         0
        0 -0.334676        -0
-0.291258 -0.390316         0
-0.390316 -0.291258         0
        0 -0.319637        -0
-0.283151 -0.350489         0
-0.350489 -0.283151         0
        0 -0.304516        -0
-0.273794 -0.309345         0
-0.309345 -0.273794         0
        0 -0.289319        -0
-0.263274 -0.267001         0
-0.267001 -0.263274         0
        0 -0.274048        -0
-0.251682 -0.223582         0
-0.223582 -0.251682         0
        0 -0.258708        -0
-0.239113 -0.179214         0
-0.179214 -0.239113         0
        0 -0.243302        -0
-0.225666 -0.134028         0
-0.134028 -0.225666         0
        0 -0.227834        -0
-0.211443 -0.088161         0
-0.088161 -0.211443         0
        0 -0.212309        -0
 -0.196552 -0.0417491          0
-0.0417491  -0.196552          0
         0   -0.19673         -0
-0.181099 0.0050672        -0
0.0050672 -0.181099         0
        0 -0.181102        -0
-0.165196 0.0521457        -0
0.0521457 -0.165196         0
        0 -0.165427        -0
-0.148953 0.0993432        -0
0.0993432 -0.148953         0
        0 -0.149711        -0
-0.132484  0.146515        -0
 0.146515 -0.132484         0
        0 -0.133956        -0
-0.115902  0.193518        -0
 0.193518 -0.115902         0
        0 -0.118168        -0
-0.0993207   0.240206         -0
  0.240206 -0.0993207          0
         0  -0.102349         -0
-0.0828527   0.286437         -0
  0.286437 -0.0828527          0
         0 -0.0865053         -0
  -0.06661   0.332069         -0
  0.332069   -0.06661          0
         0 -0.0706391         -0
-0.0507032   0.376961         -0
  0.376961 -0.0507032          0
         0 -0.0547551         -0
-0.0352406   0.420975         -0
  0.420975 -0.0352406          0
         0 -0.0388573         -0
-0.0203283   0.463977         -0
  0.463977 -0.0203283          0
         0 -0.0229495         -0
-0.00606941    0.505835          -0
   0.505835 -0.00606941           0
          0 -0.00703599          -0
0.00743641   0.546421         -0
  0.546421 0.00743641          0
         0 0.00887933         -0
0.0200933  0.585612        -0
 0.585612 0.0200933         0
        0 0.0247924        -0
0.0318096  0.623289        -0
 0.623289 0.0318096         0
        0 0.0406992        -0
0.0424985   0.65934        -0
  0.65934 0.0424985         0
        0 0.0565957        -0
0.0520782  0.693657         0
 0.693657 0.0520782         0
        0 0.0724778        -0
0.0604722  0.726138         0
 0.726138 0.0604722         0
        0 0.0883416        -0
0.0676099  0.756688         0
 0.756688 0.0676099         0
        0  0.104183        -0
0.0734268   0.78522         0
  0.78522 0.0734268        -0
        0  0.119998        -0
0.0778649  0.811651         0
 0.811651 0.0778649        -0
        0  0.135783        -0
0.0808729  0.835909         0
 0.835909 0.0808729        -0
        0  0.151533        -0
0.0824061  0.857928         0
 0.857928 0.0824061        -0
        0  0.167245        -0
0.0824273  0.877648         0
 0.877648 0.0824273        -0
        0  0.182914        -0
0.0809064  0.895021         0
 0.895021 0.0809064        -0
        0  0.198537        -0
0.077821 0.910004        0
0.910004 0.077821       -0
       0  0.21411       -0
0.0731561  0.922565         0
 0.922565 0.0731561        -0
        0  0.229629        -0
0.0669044  0.932679         0
 0.932679 0.0669044        -0
        0  0.245089        -0
0.0590663  0.940329         0
 0.940329 0.0590663        -0
        0  0.260488        -0
0.0496502  0.945508         0
 0.945508 0.0496502        -0
        0   0.27582        -0
0.0386719  0.948217         0
 0.948217 0.0386719        -0
        0  0.291083        -0
0.0261552  0.948467         0
 0.948467 0.0261552        -0
        0  0.306272        -0
0.0121314  0.946275         0
 0.946275 0.0121314        -0
        0  0.321383        -0
-0.00336071    0.941668           0
   0.941668 -0.00336071           0
          0    0.336413          -0
-0.0202749   0.934681          0
  0.934681 -0.0202749          0
         0   0.351357         -0
-0.0385576   0.925359          0
  0.925359 -0.0385576          0
         0   0.366213         -0
-0.0581485   0.913752          0
  0.913752 -0.0581485          0
         0   0.380976         -0
-0.0789803   0.899919          0
  0.899919 -0.0789803          0
         0   0.395642         -0
-0.100979  0.883928         0
 0.883928 -0.100979         0
        0  0.410208        -0
-0.124065  0.865851         0
 0.865851 -0.124065         0
        0   0.42467        -0
-0.148153  0.845771         0
 0.845771 -0.148153         0
        0  0.439025        -0
-0.17315 0.823773        0
0.823773 -0.17315        0
       0 0.453269       -0
-0.19896 0.799953        0
0.799953 -0.19896        0
       0 0.467397       -0
-0.225481  0.774409         0
 0.774409 -0.225481         0
        0  0.481407        -0
-0.252608  0.747247         0
 0.747247 -0.252608         0
        0  0.495296        -0
-0.28023 0.718576        0
0.718576 -0.28023        0
       0 0.509059       -0
-0.308235  0.688512         0
 0.688512 -0.308235         0
        0  0.522693        -0
-0.336505  0.657172         0
 0.657172 -0.336505         0
        0  0.536194        -0
-0.364921  0.624679         0
 0.624679 -0.364921         0
        0   0.54956        -0
-0.393362  0.591159         0
 0.591159 -0.393362         0
        0  0.562786        -0
-0.421705  0.556739         0
 0.556739 -0.421705         0
        0   0.57587        -0
-0.449826   0.52155         0
  0.52155 -0.449826         0
        0  0.588808        -0
 -0.4776 0.485723        0
0.485723  -0.4776        0
       0 0.601597       -0
-0.504902  0.449393         0
 0.449393 -0.504902         0
        0  0.614234        -0
-0.531609  0.412691         0
 0.412691 -0.531609         0
        0  0.626715        -0
-0.557596  0.375752         0
 0.375752 -0.557596         0
        0  0.639037        -0
-0.582743  0.338708         0
 0.338708 -0.582743         0
        0  0.651197        -0
-0.606928  0.301692         0
 0.301692 -0.606928         0
        0  0.663193        -0
-0.630034  0.264834         0
 0.264834 -0.630034         0
        0   0.67502        -0
-0.651948  0.228263         0
 0.228263 -0.651948         0
        0  0.686677        -0
-0.672557  0.192103         0
 0.192103 -0.672557         0
        0  0.698159        -0
-0.691755   0.15648         0
  0.15648 -0.691755         0
        0  0.709465        -0
-0.709439   0.12151         0
  0.12151 -0.709439         0
        0  0.720591        -0
-0.725511 0.0873113         0
0.0873113 -0.725511         0
        0  0.731534        -0
-0.739879 0.0539933         0
0.0539933 -0.739879         0
        0  0.742292        -0
-0.752455 0.0216625         0
0.0216625 -0.752455         0
        0  0.752863        -0
  -0.763158 -0.00957997          -0
-0.00957997   -0.763158           0
          0    0.763242          -0
 -0.771914 -0.0396389         -0
-0.0396389  -0.771914          0
         0   0.773428         -0
 -0.778656 -0.0684247         -0
-0.0684247  -0.778656          0
         0   0.783418          0
 -0.783321 -0.0958543         -0
-0.0958543  -0.783321          0
         0    0.79321          0
-0.785858 -0.121851        -0
-0.121851 -0.785858         0
        0  0.802801         0
-0.786219 -0.146346        -0
-0.146346 -0.786219         0
        0  0.812188         0
-0.784367 -0.169275        -0
-0.169275 -0.784367         0
        0   0.82137         0
-0.780272 -0.190584        -0
-0.190584 -0.780272         0
        0  0.830344         0
-0.773911 -0.210226        -0
-0.210226 -0.773911         0
        0  0.839107         0
-0.765271 -0.228159        -0
-0.228159 -0.765271         0
        0  0.847658         0
-0.754346 -0.244352        -0
-0.244352 -0.754346         0
        0  0.855994         0
-0.74114 -0.25878       -0
-0.25878 -0.74114        0
       0 0.864114        0
-0.725665 -0.271427        -0
-0.271427 -0.725665         0
        0  0.872014         0
-0.707939 -0.282284        -0
-0.282284 -0.707939         0
        0  0.879694         0
-0.687991 -0.291351        -0
-0.291351 -0.687991         0
        0   0.88715         0
-0.665859 -0.298634        -0
-0.298634 -0.665859         0
        0  0.894382         0
-0.641587  -0.30415         0
 -0.30415 -0.641587         0
        0  0.901388         0
-0.615228 -0.307922         0
-0.307922 -0.615228         0
        0  0.908165         0
-0.586844 -0.309978         0
-0.309978 -0.586844         0
        0  0.914712         0
-0.556502 -0.310359         0
-0.310359 -0.556502         0
        0  0.921028         0
 -0.52428 -0.309108         0
-0.309108  -0.52428         0
        0   0.92711         0
-0.490261 -0.306277         0
-0.306277 -0.490261         0
        0  0.932957         0
-0.454535 -0.301927         0
-0.301927 -0.454535         0
        0  0.938568         0
-0.417199 -0.296121         0
-0.296121 -0.417199         0
        0  0.943941         0
-0.378357 -0.288931         0
-0.288931 -0.378357         0
        0  0.949075         0
-0.338117 -0.280435         0
-0.280435 -0.338117         0
        0  0.953969         0
-0.296596 -0.270716         0
-0.270716 -0.296596         0
        0  0.958621         0
-0.253912  -0.25986         0
 -0.25986 -0.253912         0
        0  0.963031         0
-0.21019 -0.24796        0
-0.24796 -0.21019        0
       0 0.967196        0
 -0.16556 -0.235114         0
-0.235114  -0.16556         0
        0  0.971116         0
-0.120153  -0.22142         0
 -0.22142 -0.120153         0
        0  0.974791         0
-0.074105 -0.206983         0
-0.206983 -0.074105         0
        0  0.978218         0
-0.0275552  -0.191909          0
 -0.191909 -0.0275552          0
         0   0.981398          0
0.0193558 -0.176308         0
-0.176308 0.0193558        -0
        0  0.984329         0
0.0664857 -0.160289         0
-0.160289 0.0664857        -0
        0  0.987011         0
 0.113691 -0.143966         0
-0.143966  0.113691        -0
        0  0.989443         0
 0.160827 -0.127451         0
-0.127451  0.160827        -0
        0  0.991624         0
 0.207749 -0.110857         0
-0.110857  0.207749        -0
        0  0.993554         0
 0.254313 -0.094298         0
-0.094298  0.254313        -0
        0  0.995232         0
  0.300377 -0.0778867          0
-0.0778867   0.300377         -0
         0   0.996658          0
  0.345799 -0.0617345          0
-0.0617345   0.345799         -0
         0   0.997832          0
  0.390438 -0.0459513          0
-0.0459513   0.390438         -0
         0   0.998753          0
  0.434159 -0.0306449          0
-0.0306449   0.434159         -0
         0   0.999421          0
  0.476827 -0.0159205          0
-0.0159205   0.476827         -0
         0   0.999836          0
   0.518311 -0.00188008           0
-0.00188008    0.518311          -0
          0    0.999998           0
 0.558486 0.0113776         0
0.0113776  0.558486        -0
        0  0.999906         0
 0.597229 0.0237581         0
0.0237581  0.597229        -0
        0  0.999561         0
 0.634424 0.0351711         0
0.0351711  0.634424        -0
        0  0.998963         0
 0.669959 0.0455313         0
0.0455313  0.669959        -0
        0  0.998112         0
 0.703728 0.0547584         0
0.0547584  0.703728        -0
        0  0.997008         0
 0.735632 0.0627777         0
0.0627777  0.735632        -0
        0  0.995651         0
 0.765578 0.0695205         0
0.0695205  0.765578         0
        0  0.994043         0
  0.79348 0.0749242         0
0.0749242   0.79348         0
        0  0.992182         0
 0.819258 0.0789327         0
0.0789327  0.819258         0
        0   0.99007         0
 0.842842 0.0814967         0
0.0814967  0.842842         0
        0  0.987708         0
0.864167 0.082574        0
0.082574 0.864167        0
       0 0.985095        0
 0.883179 0.0821293         0
0.0821293  0.883179         0
        0  0.982233         0
 0.89983 0.080135        0
0.080135  0.89983        0
       0 0.979121        0
  0.91408 0.0765707         0
0.0765707   0.91408         0
        0  0.975762         0
 0.925899 0.0714238         0
0.0714238  0.925899         0
        0  0.972156         0
 0.935265 0.0646895         0
0.0646895  0.935265         0
        0  0.968304         0
 0.942164 0.0563706         0
0.0563706  0.942164         0
        0  0.964206         0
 0.946592 0.0464776         0
0.0464776  0.946592         0
        0  0.959864         0
 0.948553 0.0350288         0
0.0350288  0.948553         0
        0  0.955279         0
 0.948058 0.0220504         0
0.0220504  0.948058         0
        0  0.950451         0
  0.945128 0.00757581          0
0.00757581   0.945128          0
         0   0.945384          0
   0.939794 -0.00835376          -0
-0.00835376    0.939794           0
          0    0.940076           0
  0.932093 -0.0256899         -0
-0.0256899   0.932093          0
         0   0.934531          0
  0.92207 -0.044377        -0
-0.044377   0.92207         0
        0  0.928749         0
   0.90978 -0.0643525         -0
-0.0643525    0.90978          0
         0   0.922731          0
  0.895284 -0.0855471         -0
-0.0855471   0.895284          0
         0    0.91648          0
  0.87865 -0.107885        -0
-0.107885   0.87865         0
        0  0.909997         0
 0.859956 -0.131285        -0
-0.131285  0.859956         0
        0  0.903283         0
 0.839283 -0.155659        -0
-0.155659  0.839283         0
        0   0.89634         0
 0.816722 -0.180913        -0
-0.180913  0.816722         0
        0  0.889171         0
0.792367 -0.20695       -0
-0.20695 0.792367        0
       0 0.881776        0
  0.76632 -0.233667        -0
-0.233667   0.76632         0
        0  0.874158         0
 0.738687 -0.260957        -0
-0.260957  0.738687         0
        0  0.866318         0
  0.70958 -0.288707        -0
-0.288707   0.70958         0
        0  0.858259         0
 0.679115 -0.316805        -0
-0.316805  0.679115         0
        0  0.849983         0
 0.647412 -0.345132        -0
-0.345132  0.647412         0
        0  0.841491         0
 0.614593 -0.373569        -0
-0.373569  0.614593         0
        0  0.832786         0
 0.580786 -0.401993         0
-0.401993  0.580786         0
        0   0.82387         0
 0.546118 -0.430281         0
-0.430281  0.546118         0
        0  0.814746         0
0.510721 -0.45831        0
-0.45831 0.510721        0
       0 0.805415        0
 0.474728 -0.485954         0
-0.485954  0.474728         0
        0   0.79588         0
  0.43827 -0.513089         0
-0.513089   0.43827         0
        0  0.786143         0
0.401482 -0.53959        0
-0.53959 0.401482        0
       0 0.776208        0
 0.364497 -0.565334         0
-0.565334  0.364497         0
        0  0.766076         0
 0.327448 -0.590201         0
-0.590201  0.327448         0
        0  0.755749         0
 0.290466 -0.614071         0
-0.614071  0.290466         0
        0  0.745232         0
 0.253682 -0.636826         0
-0.636826  0.253682         0
        0  0.734525         0
 0.217222 -0.658355         0
-0.658355  0.217222         0
        0  0.723633         0
 0.181213 -0.678547         0
-0.678547  0.181213         0
        0  0.712557         0
 0.145776 -0.697295        -0
-0.697295  0.145776         0
        0    0.7013         0
 0.111029 -0.714499        -0
-0.714499  0.111029         0
        0  0.689866         0
0.0770859 -0.730063        -0
-0.730063 0.0770859         0
        0  0.678258         0
 0.044057 -0.743895        -0
-0.743895  0.044057         0
        0  0.666477         0
0.0120466  -0.75591        -0
 -0.75591 0.0120466         0
        0  0.654528         0
-0.018846 -0.766029        -0
-0.766029 -0.018846        -0
        0  0.642413         0
-0.0485271   -0.77418         -0
  -0.77418 -0.0485271         -0
         0   0.630135          0
-0.0769092  -0.780296         -0
 -0.780296 -0.0769092         -0
         0   0.617698         -0
-0.103911  -0.78432        -0
 -0.78432 -0.103911        -0
        0  0.605104        -0
-0.129458   -0.7862        -0
  -0.7862 -0.129458        -0
        0  0.592357        -0
-0.153483 -0.785892        -0
-0.785892 -0.153483        -0
        0  0.579459        -0
-0.175926 -0.783361        -0
-0.783361 -0.175926        -0
        0  0.566415        -0
-0.196733 -0.778579        -0
-0.778579 -0.196733        -0
        0  0.553228        -0
-0.215859 -0.771526        -0
-0.771526 -0.215859        -0
        0    0.5399        -0
-0.233266 -0.762192        -0
-0.762192 -0.233266        -0
        0  0.526436        -0
-0.248925 -0.750573        -0
-0.750573 -0.248925        -0
        0  0.512838        -0
-0.262813 -0.736676        -0
-0.736676 -0.262813        -0
        0  0.499111        -0
-0.274916 -0.720514        -0
-0.720514 -0.274916        -0
        0  0.485257        -0
-0.285229 -0.702109        -0
-0.702109 -0.285229        -0
        0   0.47128        -0
-0.293753 -0.681493        -0
-0.681493 -0.293753        -0
        0  0.457183        -0
-0.300497 -0.658706        -0
-0.658706 -0.300497        -0
        0  0.442971        -0
 -0.30548 -0.633793        -0
-0.633793  -0.30548        -0
        0  0.428647        -0
-0.308726 -0.606812        -0
-0.606812 -0.308726        -0
        0  0.414214        -0
-0.310269 -0.577825        -0
-0.577825 -0.310269        -0
        0  0.399676        -0
-0.310149 -0.546904        -0
-0.546904 -0.310149        -0
        0  0.385037        -0
-0.308412 -0.514126        -0
-0.514126 -0.308412        -0
        0  0.370301        -0
-0.305113 -0.479578        -0
-0.479578 -0.305113        -0
        0   0.35547        -0
-0.300313 -0.443352        -0
-0.443352 -0.300313        -0
        0   0.34055        -0
-0.294078 -0.405547        -0
-0.405547 -0.294078        -0
        0  0.325543        -0
-0.286483 -0.366268        -0
-0.366268 -0.286483        -0
        0  0.310454        -0
-0.277607 -0.325627        -0
-0.325627 -0.277607        -0
        0  0.295286        -0
-0.267532 -0.283739        -0
-0.283739 -0.267532        -0
        0  0.280044        -0
-0.256349 -0.240726        -0
-0.240726 -0.256349        -0
        0   0.26473        -0
-0.244151 -0.196715        -0
-0.196715 -0.244151        -0
        0   0.24935        -0
-0.231036 -0.151834        -0
-0.151834 -0.231036        -0
        0  0.233906        -0
-0.217105 -0.106218        -0
-0.106218 -0.217105        -0
        0  0.218403        -0
 -0.202464 -0.0600026         -0
-0.0600026  -0.202464         -0
         0   0.202845         -0
-0.187218 -0.013328        -0
-0.013328 -0.187218        -0
        0  0.187235        -0
-0.171478 0.0336647         0
0.0336647 -0.171478        -0
        0  0.171578        -0
-0.155355 0.0808327         0
0.0808327 -0.155355        -0
        0  0.155878        -0
-0.138961  0.128032         0
 0.128032 -0.138961        -0
        0  0.140137        -0
-0.12241 0.175118        0
0.175118 -0.12241       -0
       0 0.124362       -0
-0.105815  0.221947         0
 0.221947 -0.105815        -0
        0  0.108555        -0
-0.0892889   0.268374          0
  0.268374 -0.0892889         -0
         0  0.0927204         -0
-0.0729446   0.314258          0
  0.314258 -0.0729446         -0
         0  0.0768624         -0
-0.0568931   0.359456          0
  0.359456 -0.0568931         -0
         0  0.0609849         -0
-0.0412435   0.403831          0
  0.403831 -0.0412435         -0
         0   0.045092         -0
-0.026103  0.447245         0
 0.447245 -0.026103        -0
        0 0.0291877        -0
-0.0115758   0.489567          0
  0.489567 -0.0115758         -0
         0  0.0132759         -0
  0.0022369    0.530667           0
   0.530667   0.0022369          -0
          0 -0.00263917          -0
 0.0152378   0.570419          0
  0.570419  0.0152378         -0
         0 -0.0185536         -0
 0.0273335   0.608704          0
  0.608704  0.0273335         -0
         0 -0.0344633         -0
 0.0384353   0.645406          0
  0.645406  0.0384353         -0
         0 -0.0503643         -0
 0.0484593   0.680415          0
  0.680415  0.0484593         -0
         0 -0.0662526         -0
0.0573269  0.713628        -0
 0.713628 0.0573269        -0
        0 -0.082124        -0
 0.0649652   0.744946         -0
  0.744946  0.0649652         -0
         0 -0.0979747         -0
0.0713073  0.774279        -0
 0.774279 0.0713073         0
        0 -0.113801        -0
0.0762926  0.801543        -0
 0.801543 0.0762926         0
        0 -0.129598        -0
0.0798669  0.826661        -0
 0.826661 0.0798669         0
        0 -0.145362        -0
0.0798669  0.826661        -0
 0.826661 0.0798669         0
        0 -0.145362        -0
0.0819973  0.849487        -0
 0.849487 0.0819973         0
        0 -0.161073        -0
0.0826539  0.869981        -0
 0.869981 0.0826539         0
        0 -0.176729        -0
0.0818146   0.88811        -0
  0.88811 0.0818146         0
        0 -0.192324        -0
0.0794649  0.903853        -0
 0.903853 0.0794649         0
        0 -0.207855        -0
0.0755977  0.917196        -0
 0.917196 0.0755977         0
        0 -0.223318        -0
0.0702134  0.928133        -0
 0.928133 0.0702134         0
        0  -0.23871        -0
0.0633196  0.936668        -0
 0.936668 0.0633196         0
        0 -0.254027        -0
0.0549311  0.942813        -0
 0.942813 0.0549311         0
        0 -0.269265        -0
0.0450697  0.946587        -0
 0.946587 0.0450697         0
        0  -0.28442        -0
0.0337636  0.948017        -0
 0.948017 0.0337636         0
        0  -0.29949        -0
0.0210479  0.947139        -0
 0.947139 0.0210479         0
        0  -0.31447        -0
0.00696371   0.943994         -0
  0.943994 0.00696371          0
         0  -0.329358         -0
-0.00844201    0.938633          -0
   0.938633 -0.00844201          -0
          0   -0.344148          -0
-0.0251165    0.93111         -0
   0.93111 -0.0251165         -0
         0   -0.35884         -0
-0.0430017   0.921488         -0
  0.921488 -0.0430017         -0
         0  -0.373428         -0
-0.0620346   0.909835         -0
  0.909835 -0.0620346         -0
         0  -0.387909         -0
-0.0821475   0.896225         -0
  0.896225 -0.0821475         -0
         0  -0.402281         -0
-0.103269  0.880735        -0
 0.880735 -0.103269        -0
        0  -0.41654        -0
-0.125322   0.86345        -0
  0.86345 -0.125322        -0
        0 -0.430683        -0
-0.148228  0.844457        -0
 0.844457 -0.148228        -0
        0 -0.444706        -0
-0.171904  0.823848        -0
 0.823848 -0.171904        -0
        0 -0.458607        -0
-0.196265  0.801718        -0
 0.801718 -0.196265        -0
        0 -0.472383        -0
-0.221223  0.778165        -0
 0.778165 -0.221223        -0
        0 -0.486031        -0
-0.246688  0.753291        -0
 0.753291 -0.246688        -0
        0 -0.499547        -0
-0.272569  0.727197        -0
 0.727197 -0.272569        -0
        0 -0.512929        -0
-0.298773  0.699989        -0
 0.699989 -0.298773        -0
        0 -0.526174        -0
-0.325207  0.671774        -0
 0.671774 -0.325207        -0
        0 -0.539279        -0
-0.351776  0.642659        -0
 0.642659 -0.351776        -0
        0 -0.552242        -0
-0.378387  0.612752        -0
 0.612752 -0.378387        -0
        0 -0.565059        -0
-0.404946   0.58216        -0
  0.58216 -0.404946        -0
        0 -0.577728        -0
 -0.43136  0.550993        -0
 0.550993  -0.43136        -0
        0 -0.590247        -0
-0.457536  0.519357        -0
 0.519357 -0.457536        -0
        0 -0.602613        -0
-0.483383  0.487358        -0
 0.487358 -0.483383        -0
        0 -0.614823        -0
-0.508812  0.455103        -0
 0.455103 -0.508812        -0
        0 -0.626875        -0
-0.533735  0.422696        -0
 0.422696 -0.533735        -0
        0 -0.638767        -0
-0.558066  0.390237        -0
 0.390237 -0.558066        -0
        0 -0.650496        -0
-0.581724  0.357826        -0
 0.357826 -0.581724        -0
        0 -0.662059        -0
-0.604627  0.325561        -0
 0.325561 -0.604627        -0
        0 -0.673456        -0
-0.626699  0.293536        -0
 0.293536 -0.626699        -0
        0 -0.684683        -0
-0.647865  0.261843        -0
 0.261843 -0.647865        -0
        0 -0.695739        -0
-0.668054   0.23057        -0
  0.23057 -0.668054        -0
        0  -0.70662        -0
-0.687199  0.199801        -0
 0.199801 -0.687199        -0
        0 -0.717327        -0
-0.705237  0.169617        -0
 0.169617 -0.705237        -0
        0 -0.727855        -0
-0.722109  0.140097        -0
 0.140097 -0.722109        -0
        0 -0.738204        -0
-0.737758  0.111312        -0
 0.111312 -0.737758        -0
        0 -0.748371        -0
-0.752133 0.0833329        -0
0.0833329 -0.752133        -0
        0 -0.758356        -0
-0.765187  0.056224        -0
 0.056224 -0.765187        -0
        0 -0.768155        -0
-0.776878 0.0300459        -0
0.0300459 -0.776878        -0
        0 -0.777767        -0
 -0.787167 0.00485472         -0
0.00485472  -0.787167         -0
         0  -0.787191         -0
  -0.79602 -0.0192979          0
-0.0192979   -0.79602         -0
         0  -0.796425         -0
 -0.803407 -0.0423649          0
-0.0423649  -0.803407         -0
         0  -0.805468         -0
-0.809305 -0.064304         0
-0.064304 -0.809305        -0
        0 -0.814318        -0
 -0.813692 -0.0850771          0
-0.0850771  -0.813692         -0
         0  -0.822973         -0
-0.816552 -0.104651         0
-0.104651 -0.816552        -0
        0 -0.831432         0
-0.817874 -0.122998         0
-0.122998 -0.817874        -0
        0 -0.839695         0
-0.817651 -0.140092         0
-0.140092 -0.817651        -0
        0 -0.847759         0
-0.815881 -0.155916         0
-0.155916 -0.815881        -0
        0 -0.855623         0
-0.812565 -0.170454         0
-0.170454 -0.812565        -0
        0 -0.863287         0
-0.807708 -0.183694         0
-0.183694 -0.807708        -0
        0 -0.870748         0
-0.801322 -0.195632         0
-0.195632 -0.801322        -0
        0 -0.878007         0
 -0.79342 -0.206266         0
-0.206266  -0.79342        -0
        0 -0.885062         0
 -0.78402 -0.215596         0
-0.215596  -0.78402        -0
        0 -0.891912         0
-0.773143  -0.22363         0
 -0.22363 -0.773143        -0
        0 -0.898556         0
-0.760816 -0.230377         0
-0.230377 -0.760816        -0
        0 -0.904994         0
-0.747066 -0.235851         0
-0.235851 -0.747066        -0
        0 -0.911224         0
-0.731927 -0.240071         0
-0.240071 -0.731927        -0
        0 -0.917247         0
-0.715434 -0.243056         0
-0.243056 -0.715434        -0
        0  -0.92306         0
-0.697624 -0.244831         0
-0.244831 -0.697624        -0
        0 -0.928664         0
-0.678541 -0.245423         0
-0.245423 -0.678541        -0
        0 -0.934058         0
-0.658226 -0.244863        -0
-0.244863 -0.658226        -0
        0 -0.939241         0
-0.636728 -0.243184        -0
-0.243184 -0.636728        -0
        0 -0.944214         0
-0.614095 -0.240422        -0
-0.240422 -0.614095        -0
        0 -0.948975         0
-0.590378 -0.236616        -0
-0.236616 -0.590378        -0
        0 -0.953524         0
-0.565631 -0.231805        -0
-0.231805 -0.565631        -0
        0 -0.957861         0
-0.539907 -0.226032        -0
-0.226032 -0.539907        -0
        0 -0.961985         0
-0.513264 -0.219343        -0
-0.219343 -0.513264        -0
        0 -0.965897         0
 -0.48576 -0.211783        -0
-0.211783  -0.48576        -0
        0 -0.969597         0
-0.457453 -0.203401        -0
-0.203401 -0.457453        -0
        0 -0.973083         0
-0.428404 -0.194246        -0
-0.194246 -0.428404        -0
        0 -0.976356         0
-0.398674 -0.184369        -0
-0.184369 -0.398674        -0
        0 -0.979417         0
-0.368324 -0.173821        -0
-0.173821 -0.368324        -0
        0 -0.982264         0
-0.337418 -0.162654        -0
-0.162654 -0.337418        -0
        0 -0.984899         0
-0.306017 -0.150921        -0
-0.150921 -0.306017        -0
        0 -0.987321         0
-0.274185 -0.138678        -0
-0.138678 -0.274185        -0
        0  -0.98953         0
-0.241984 -0.125976        -0
-0.125976 -0.241984        -0
        0 -0.991527         0
-0.209477  -0.11287        -0
 -0.11287 -0.209477        -0
        0 -0.993311         0
-0.176726 -0.099415        -0
-0.099415 -0.176726        -0
        0 -0.994884         0
 -0.143794 -0.0856643         -0
-0.0856643  -0.143794         -0
         0  -0.996246          0
 -0.110741 -0.0716717         -0
-0.0716717  -0.110741         -0
         0  -0.997396          0
-0.0776293 -0.0574906         -0
-0.0574906 -0.0776293         -0
         0  -0.998336          0
-0.0445175 -0.0431736         -0
-0.0431736 -0.0445175         -0
         0  -0.999066          0
-0.0114647 -0.0287729         -0
-0.0287729 -0.0114647         -0
         0  -0.999586          0
 0.0214716 -0.0143396         -0
-0.0143396  0.0214716          0
         0  -0.999897          0
  0.0542347 7.59632e-05          -0
7.59632e-05   0.0542347           0
          0          -1           0
0.0867697 0.0144245        -0
0.0144245 0.0867697         0
        0 -0.999895         0
 0.119023 0.0286578        -0
0.0286578  0.119023         0
        0 -0.999583         0
 0.150942 0.0427292        -0
0.0427292  0.150942         0
        0 -0.999065         0
 0.182477 0.0565931        -0
0.0565931  0.182477         0
        0 -0.998342         0
 0.213579 0.0702054        -0
0.0702054  0.213579         0
        0 -0.997414         0
 0.213579 0.0702054        -0
0.0702054  0.213579         0
        0 -0.997414         0
