          0           1           1
          0 0.000159155 0.000159155
          1           0           0
          0           1           1
          0 0.000477465 0.000477465
          1           0           0
         0          1          1
         0 0.00095493 0.00095493
         1          0          0
         0   0.999999   0.999999
         0 0.00159155 0.00159155
         1          0          0
         0   0.999997   0.999997
         0 0.00238732 0.00238732
         1          0          0
         0   0.999994   0.999994
         0 0.00334225 0.00334225
         1          0          0
         0    0.99999    0.99999
         0 0.00445632 0.00445632
         1          0          0
         0   0.999984   0.999984
         0 0.00572955 0.00572955
         1          0          0
         0   0.999974   0.999974
         0 0.00716191 0.00716191
         1          0          0
         0   0.999962   0.999962
         0 0.00875341 0.00875341
         1          0          0
       0 0.999945 0.999945
       0 0.010504 0.010504
       1        0        0
        0  0.999923  0.999923
        0 0.0124138 0.0124138
        1         0         0
        0  0.999895  0.999895
        0 0.0144826 0.0144826
        1         0         0
        0   0.99986   0.99986
        0 0.0167105 0.0167105
        1         0         0
        0  0.999818  0.999818
        0 0.0190974 0.0190974
        1         0         0
        0  0.999766  0.999766
        0 0.0216434 0.0216434
        1         0         0
        0  0.999704  0.999704
        0 0.0243483 0.0243483
        1         0         0
        0   0.99963   0.99963
        0 0.0272121 0.0272121
        1         0         0
        0  0.999543  0.999543
        0 0.0302348 0.0302348
        1         0         0
        0  0.999442  0.999442
        0 0.0334163 0.0334163
        1         0         0
        0  0.999324  0.999324
        0 0.0367565 0.0367565
        1         0         0
        0  0.999189  0.999189
        0 0.0402553 0.0402553
        1         0         0
        0  0.999035  0.999035
        0 0.0439126 0.0439126
        1         0         0
        0   0.99886   0.99886
        0 0.0477283 0.0477283
        1         0         0
        0  0.998663  0.998663
        0 0.0517023 0.0517023
        1         0         0
        0   0.99844   0.99844
        0 0.0558343 0.0558343
        1         0         0
        0  0.998191  0.998191
        0 0.0601243 0.0601243
        1         0         0
        0  0.997913  0.997913
        0 0.0645719 0.0645719
        1         0         0
        0  0.997604  0.997604
        0 0.0691771 0.0691771
        1         0         0
        0  0.997263  0.997263
        0 0.0739395 0.0739395
        1         0         0
        0  0.996886  0.996886
        0 0.0788589 0.0788589
        1         0         0
        0  0.996471  0.996471
        0 0.0839349 0.0839349
        1         0         0
        0  0.996017  0.996017
        0 0.0891673 0.0891673
        1         0         0
        0   0.99552   0.99552
        0 0.0945557 0.0945557
        1         0         0
       0 0.994977 0.994977
       0   0.1001   0.1001
       1        0        0
       0 0.994388 0.994388
       0 0.105799 0.105799
       1        0        0
       0 0.993747 0.993747
       0 0.111653 0.111653
       1        0        0
       0 0.993054 0.993054
       0 0.117661 0.117661
       1        0        0
       0 0.992304 0.992304
       0 0.123822 0.123822
       1        0        0
       0 0.991496 0.991496
       0 0.130137 0.130137
       1        0        0
       0 0.990626 0.990626
       0 0.136604 0.136604
       1        0        0
       0  0.98969  0.98969
       0 0.143223 0.143223
       1        0        0
       0 0.988687 0.988687
       0 0.149992 0.149992
       1        0        0
       0 0.987613 0.987613
       0 0.156912 0.156912
       1        0        0
       0 0.986463 0.986463
       0 0.163981 0.163981
       1        0        0
       0 0.985236 0.985236
       0 0.171199 0.171199
       1        0        0
       0 0.983928 0.983928
       0 0.178564 0.178564
       1        0        0
       0 0.982535 0.982535
       0 0.186075 0.186075
       1        0        0
       0 0.981054 0.981054
       0 0.193732 0.193732
       1        0        0
       0 0.979482 0.979482
       0 0.201533 0.201533
       1        0        0
       0 0.977814 0.977814
       0 0.209476 0.209476
       1        0        0
       0 0.976047 0.976047
       0 0.217562 0.217562
       1        0        0
       0 0.974177 0.974177
       0 0.225787 0.225787
       1        0        0
       0   0.9722   0.9722
       0 0.234151 0.234151
       1        0        0
       0 0.970113 0.970113
       0 0.242652 0.242652
       1        0        0
       0 0.967912 0.967912
       0 0.251289 0.251289
       1        0        0
       0 0.965593 0.965593
       0 0.260059 0.260059
       1        0        0
       0 0.963151 0.963151
       0 0.268961 0.268961
       1        0        0
       0 0.960583 0.960583
       0 0.277993 0.277993
       1        0        0
       0 0.957885 0.957885
       0 0.287153 0.287153
       1        0        0
       0 0.955052 0.955052
       0 0.296439 0.296439
       1        0        0
       0  0.95208  0.95208
       0 0.305849 0.305849
       1        0        0
       0 0.948966 0.948966
       0 0.315379 0.315379
       1        0        0
       0 0.945704 0.945704
       0 0.325029 0.325029
       1        0        0
       0 0.942291 0.942291
       0 0.334795 0.334795
       1        0        0
       0 0.938722 0.938722
       0 0.344674 0.344674
       1        0        0
       0 0.934994 0.934994
       0 0.354664 0.354664
       1        0        0
       0 0.931101 0.931101
       0 0.364762 0.364762
       1        0        0
       0 0.927039 0.927039
       0 0.374965 0.374965
       1        0        0
       0 0.922804 0.922804
       0  0.38527  0.38527
       1        0        0
       0 0.918392 0.918392
       0 0.395673 0.395673
       1        0        0
       0 0.913797 0.913797
       0  0.40617  0.40617
       1        0        0
       0 0.909017 0.909017
       0 0.416759 0.416759
       1        0        0
       0 0.904046 0.904046
       0 0.427436 0.427436
       1        0        0
       0 0.898879 0.898879
       0 0.438197 0.438197
       1        0        0
       0 0.893513 0.893513
       0 0.449037 0.449037
       1        0        0
       0 0.887943 0.887943
       0 0.459953 0.459953
       1        0        0
       0 0.882165 0.882165
       0  0.47094  0.47094
       1        0        0
       0 0.876174 0.876174
       0 0.481994 0.481994
       1        0        0
       0 0.869966 0.869966
       0 0.493111 0.493111
       1        0        0
       0 0.863537 0.863537
       0 0.504285 0.504285
       1        0        0
       0 0.856883 0.856883
       0 0.515511 0.515511
       1        0        0
       0 0.849998 0.849998
       0 0.526785 0.526785
       1        0        0
       0  0.84288  0.84288
       0 0.538102 0.538102
       1        0        0
       0 0.835524 0.835524
       0 0.549455 0.549455
       1        0        0
       0 0.827925 0.827925
       0 0.560839 0.560839
       1        0        0
       0  0.82008  0.82008
       0 0.572249 0.572249
       1        0        0
       0 0.811985 0.811985
       0 0.583678 0.583678
       1        0        0
       0 0.803637 0.803637
       0  0.59512  0.59512
       1        0        0
      0 0.79503 0.79503
      0 0.60657 0.60657
      1       0       0
       0 0.786162 0.786162
       0 0.618021 0.618021
       1        0        0
       0 0.777029 0.777029
       0 0.629465 0.629465
       1        0        0
       0 0.767627 0.767627
       0 0.640897 0.640897
       1        0        0
       0 0.757953 0.757953
       0 0.652309 0.652309
       1        0        0
       0 0.748004 0.748004
       0 0.663694 0.663694
       1        0        0
       0 0.737777 0.737777
       0 0.675045 0.675045
       1        0        0
       0 0.727268 0.727268
       0 0.686354 0.686354
       1        0        0
       0 0.716475 0.716475
       0 0.697613 0.697613
       1        0        0
       0 0.705394 0.705394
       0 0.708815 0.708815
       1        0        0
       0 0.705394 0.705394
       0 0.708815 0.708815
       1        0        0
       0  0.67076  0.67076
       0 0.741675 0.741675
       1        0        0
       0 0.634597 0.634597
       0 0.772844 0.772844
       1        0        0
       0 0.596987 0.596987
       0 0.802251 0.802251
       1        0        0
       0 0.558016 0.558016
       0  0.82983  0.82983
       1        0        0
       0 0.517774 0.517774
       0 0.855517 0.855517
       1        0        0
       0 0.476351 0.476351
       0 0.879255 0.879255
       1        0        0
       0 0.433843 0.433843
       0 0.900988 0.900988
       1        0        0
       0 0.390346 0.390346
       0 0.920668 0.920668
       1        0        0
       0 0.345959 0.345959
       0  0.93825  0.93825
       1        0        0
       0 0.300784 0.300784
       0 0.953692 0.953692
       1        0        0
       0 0.254923 0.254923
       0 0.966961 0.966961
       1        0        0
       0 0.208481 0.208481
       0 0.978026 0.978026
       1        0        0
       0 0.161564 0.161564
       0 0.986862 0.986862
       1        0        0
       0 0.114278 0.114278
       0 0.993449 0.993449
       1        0        0
        0 0.0667325 0.0667325
        0  0.997771  0.997771
        1         0         0
        0 0.0190345 0.0190345
        0  0.999819  0.999819
        1         0         0
         0 -0.0287069 -0.0287069
         0   0.999588   0.999588
         1          0          0
         0 -0.0763829 -0.0763829
         0   0.997079   0.997079
         1          0          0
        0 -0.123885 -0.123885
        0  0.992297  0.992297
        1         0         0
        0 -0.171104 -0.171104
        0  0.985253  0.985253
        1         0         0
        0 -0.217934 -0.217934
        0  0.975964  0.975964
        1         0         0
        0 -0.264266 -0.264266
        0   0.96445   0.96445
        1         0         0
        0 -0.309997 -0.309997
        0  0.950738  0.950738
        1         0         0
        0 -0.355021 -0.355021
        0  0.934858  0.934858
        1         0         0
        0 -0.399235 -0.399235
        0  0.916848  0.916848
        1         0         0
       0 -0.44254 -0.44254
       0 0.896749 0.896749
       1        0        0
        0 -0.484836 -0.484836
        0  0.874605  0.874605
        1         0         0
        0 -0.526027 -0.526027
        0  0.850468  0.850468
        1         0         0
        0 -0.566019 -0.566019
        0  0.824392  0.824392
        1         0         0
        0 -0.604721 -0.604721
        0  0.796438  0.796438
        1         0         0
        0 -0.642044 -0.642044
        0  0.766668  0.766668
        1         0         0
        0 -0.677904 -0.677904
        0   0.73515   0.73515
        1         0         0
        0 -0.712219 -0.712219
        0  0.701957  0.701957
        1         0         0
        0 -0.744911 -0.744911
        0  0.667164  0.667164
        1         0         0
        0 -0.775904 -0.775904
        0   0.63085   0.63085
        1         0         0
       0 -0.80513 -0.80513
       0 0.593099 0.593099
       1        0        0
       0 -0.83252 -0.83252
       0 0.553995 0.553995
       1        0        0
        0 -0.858012 -0.858012
        0  0.513629  0.513629
        1         0         0
        0 -0.881549 -0.881549
        0  0.472092  0.472092
        1         0         0
        0 -0.903077 -0.903077
        0   0.42948   0.42948
        1         0         0
        0 -0.922546 -0.922546
        0  0.385888  0.385888
        1         0         0
        0 -0.939912 -0.939912
        0  0.341416  0.341416
        1         0         0
        0 -0.955136 -0.955136
        0  0.296167  0.296167
        1         0         0
        0 -0.968183 -0.968183
        0  0.250242  0.250242
        1         0         0
        0 -0.979024 -0.979024
        0  0.203747  0.203747
        1         0         0
        0 -0.987632 -0.987632
        0  0.156788  0.156788
        1         0         0
       0 -0.99399 -0.99399
       0 0.109471 0.109471
       1        0        0
        0 -0.998082 -0.998082
        0 0.0619049 0.0619049
        1         0         0
        0 -0.999899 -0.999899
        0 0.0141975 0.0141975
        1         0         0
         0  -0.999437  -0.999437
         0 -0.0335422 -0.0335422
         1          0          0
         0  -0.996697  -0.996697
         0 -0.0812054 -0.0812054
         1          0          0
        0 -0.991686 -0.991686
        0 -0.128684 -0.128684
        1         0         0
        0 -0.984414 -0.984414
        0 -0.175868 -0.175868
        1         0         0
        0 -0.974898 -0.974898
        0 -0.222652 -0.222652
        1         0         0
        0  -0.96316  -0.96316
        0 -0.268929 -0.268929
        1         0         0
        0 -0.949227 -0.949227
        0 -0.314593 -0.314593
        1         0         0
        0  -0.93313  -0.93313
        0 -0.359539 -0.359539
        1         0         0
        0 -0.914906 -0.914906
        0 -0.403666 -0.403666
        1         0         0
        0 -0.894597 -0.894597
        0 -0.446873 -0.446873
        1         0         0
        0 -0.872249 -0.872249
        0 -0.489061 -0.489061
        1         0         0
        0 -0.847913 -0.847913
        0 -0.530135 -0.530135
        1         0         0
        0 -0.821644 -0.821644
        0     -0.57     -0.57
        1         0         0
        0 -0.793503 -0.793503
        0 -0.608566 -0.608566
        1         0         0
        0 -0.763553 -0.763553
        0 -0.645745 -0.645745
        1         0         0
        0 -0.731862 -0.731862
        0 -0.681453 -0.681453
        1         0         0
        0 -0.698504 -0.698504
        0 -0.715607 -0.715607
        1         0         0
        0 -0.663553 -0.663553
        0  -0.74813  -0.74813
        1         0         0
        0  -0.62709  -0.62709
        0 -0.778947 -0.778947
        1         0         0
        0 -0.589197 -0.589197
        0 -0.807989 -0.807989
        1         0         0
        0 -0.549962 -0.549962
        0  -0.83519  -0.83519
        1         0         0
        0 -0.509473 -0.509473
        0 -0.860487 -0.860487
        1         0         0
        0 -0.467822 -0.467822
        0 -0.883823 -0.883823
        1         0         0
        0 -0.425106 -0.425106
        0 -0.905144 -0.905144
        1         0         0
        0  -0.38142  -0.38142
        0 -0.924402 -0.924402
        1         0         0
        0 -0.336865 -0.336865
        0 -0.941553 -0.941553
        1         0         0
        0 -0.291543 -0.291543
        0 -0.956558 -0.956558
        1         0         0
        0 -0.245556 -0.245556
        0 -0.969383 -0.969383
        1         0         0
        0 -0.199009 -0.199009
        0 -0.979998 -0.979998
        1         0         0
        0 -0.152008 -0.152008
        0 -0.988379 -0.988379
        1         0         0
        0 -0.104661 -0.104661
        0 -0.994508 -0.994508
        1         0         0
         0 -0.0570759 -0.0570759
         0   -0.99837   -0.99837
         1          0          0
          0 -0.00936028 -0.00936028
          0   -0.999956   -0.999956
          1           0           0
        0 0.0383766 0.0383766
        0 -0.999263 -0.999263
        1         0         0
        0 0.0860261 0.0860261
        0 -0.996293 -0.996293
        1         0         0
        0  0.133479  0.133479
        0 -0.991052 -0.991052
        1         0         0
        0  0.180629  0.180629
        0 -0.983551 -0.983551
        1         0         0
        0  0.227366  0.227366
        0 -0.973809 -0.973809
        1         0         0
        0  0.273585  0.273585
        0 -0.961848 -0.961848
        1         0         0
        0  0.319181  0.319181
        0 -0.947694 -0.947694
        1         0         0
       0 0.364049 0.364049
       0 -0.93138 -0.93138
       1        0        0
        0  0.408087  0.408087
        0 -0.912943 -0.912943
        1         0         0
        0  0.451195  0.451195
        0 -0.892425 -0.892425
        1         0         0
        0  0.493275  0.493275
        0 -0.869873 -0.869873
        1         0         0
        0  0.534231  0.534231
        0 -0.845339 -0.845339
        1         0         0
        0  0.573968  0.573968
        0 -0.818877 -0.818877
        1         0         0
       0 0.612398 0.612398
       0 -0.79055 -0.79055
       1        0        0
       0 0.649432 0.649432
       0 -0.76042 -0.76042
       1        0        0
        0  0.684985  0.684985
        0 -0.728557 -0.728557
        1         0         0
        0  0.718977  0.718977
        0 -0.695034 -0.695034
        1         0         0
        0  0.751331  0.751331
        0 -0.659926 -0.659926
        1         0         0
        0  0.781972  0.781972
        0 -0.623314 -0.623314
        1         0         0
        0   0.81083   0.81083
        0 -0.585281 -0.585281
        1         0         0
        0  0.837841  0.837841
        0 -0.545915 -0.545915
        1         0         0
        0  0.862941  0.862941
        0 -0.505304 -0.505304
        1         0         0
        0  0.886075  0.886075
        0 -0.463541 -0.463541
        1         0         0
        0   0.90719   0.90719
        0 -0.420722 -0.420722
        1         0         0
        0  0.926236  0.926236
        0 -0.376944 -0.376944
        1         0         0
        0  0.943171  0.943171
        0 -0.332307 -0.332307
        1         0         0
        0  0.957957  0.957957
        0 -0.286912 -0.286912
        1         0         0
        0  0.970559  0.970559
        0 -0.240863 -0.240863
        1         0         0
        0  0.980949  0.980949
        0 -0.194266 -0.194266
        1         0         0
        0  0.989103  0.989103
        0 -0.147225 -0.147225
        1         0         0
         0   0.995003   0.995003
         0 -0.0998491 -0.0998491
         1          0          0
         0   0.998634   0.998634
         0 -0.0522455 -0.0522455
         1          0          0
          0     0.99999     0.99999
          0 -0.00452279 -0.00452279
          1           0           0
        0  0.999066  0.999066
        0 0.0432102 0.0432102
        1         0         0
        0  0.995865  0.995865
        0 0.0908447 0.0908447
        1         0         0
       0 0.990394 0.990394
       0 0.138272 0.138272
       1        0        0
       0 0.982666 0.982666
       0 0.185384 0.185384
       1        0        0
       0 0.972698 0.972698
       0 0.232074 0.232074
       1        0        0
       0 0.960513 0.960513
       0 0.278235 0.278235
       1        0        0
       0 0.946139 0.946139
       0 0.323762 0.323762
       1        0        0
       0 0.929608 0.929608
       0  0.36855  0.36855
       1        0        0
       0 0.910958 0.910958
       0 0.412499 0.412499
       1        0        0
       0 0.890232 0.890232
       0 0.455507 0.455507
       1        0        0
       0 0.867477 0.867477
       0 0.497478 0.497478
       1        0        0
       0 0.842744 0.842744
       0 0.538314 0.538314
       1        0        0
       0 0.816091 0.816091
       0 0.577923 0.577923
       1        0        0
       0 0.787578 0.787578
       0 0.616215 0.616215
       1        0        0
       0 0.757269 0.757269
       0 0.653103 0.653103
       1        0        0
       0 0.725235 0.725235
       0 0.688502 0.688502
       1        0        0
       0 0.691547 0.691547
       0 0.722331 0.722331
       1        0        0
       0 0.656283 0.656283
       0 0.754514 0.754514
       1        0        0
       0 0.619524 0.619524
       0 0.784978 0.784978
       1        0        0
       0 0.581352 0.581352
       0 0.813652 0.813652
       1        0        0
       0 0.541855 0.541855
       0 0.840472 0.840472
       1        0        0
       0 0.501123 0.501123
       0 0.865376 0.865376
       1        0        0
       0 0.459249 0.459249
       0 0.888307 0.888307
       1        0        0
       0 0.416329 0.416329
       0 0.909214 0.909214
       1        0        0
       0 0.372459 0.372459
       0 0.928049 0.928049
       1        0        0
       0  0.32774  0.32774
       0 0.944768 0.944768
       1        0        0
       0 0.282274 0.282274
       0 0.959334 0.959334
       1        0        0
       0 0.236165 0.236165
       0 0.971713 0.971713
       1        0        0
       0 0.189518 0.189518
       0 0.981877 0.981877
       1        0        0
       0 0.142439 0.142439
       0 0.989804 0.989804
       1        0        0
        0 0.0950345 0.0950345
        0  0.995474  0.995474
        1         0         0
        0 0.0474139 0.0474139
        0  0.998875  0.998875
        1         0         0
           0 -0.000314808 -0.000314808
           0            1            1
           1            0            0
         0 -0.0480428 -0.0480428
         0   0.998845   0.998845
         1          0          0
         0 -0.0956613 -0.0956613
         0   0.995414   0.995414
         1          0          0
        0 -0.143062 -0.143062
        0  0.989714  0.989714
        1         0         0
        0 -0.190136 -0.190136
        0  0.981758  0.981758
        1         0         0
        0 -0.236777 -0.236777
        0  0.971564  0.971564
        1         0         0
        0 -0.282878 -0.282878
        0  0.959156  0.959156
        1         0         0
        0 -0.328335 -0.328335
        0  0.944561  0.944561
        1         0         0
        0 -0.373043 -0.373043
        0  0.927814  0.927814
        1         0         0
        0 -0.416901 -0.416901
        0  0.908952  0.908952
        1         0         0
        0 -0.459809 -0.459809
        0  0.888018  0.888018
        1         0         0
        0 -0.501668 -0.501668
        0   0.86506   0.86506
        1         0         0
        0 -0.542384 -0.542384
        0   0.84013   0.84013
        1         0         0
        0 -0.581864 -0.581864
        0  0.813286  0.813286
        1         0         0
        0 -0.620018 -0.620018
        0  0.784588  0.784588
        1         0         0
        0 -0.656758 -0.656758
        0  0.754101  0.754101
        1         0         0
        0 -0.692002 -0.692002
        0  0.721896  0.721896
        1         0         0
        0 -0.725668 -0.725668
        0  0.688045  0.688045
        1         0         0
       0 -0.75768 -0.75768
       0 0.652626 0.652626
       1        0        0
        0 -0.787966 -0.787966
        0  0.615719  0.615719
        1         0         0
        0 -0.816455 -0.816455
        0  0.577409  0.577409
        1         0         0
        0 -0.843083 -0.843083
        0  0.537783  0.537783
        1         0         0
       0 -0.86779 -0.86779
       0 0.496931 0.496931
       1        0        0
        0 -0.890519 -0.890519
        0  0.454947  0.454947
        1         0         0
        0 -0.911218 -0.911218
        0  0.411925  0.411925
        1         0         0
       0 -0.92984 -0.92984
       0 0.367965 0.367965
       1        0        0
        0 -0.946342 -0.946342
        0  0.323166  0.323166
        1         0         0
        0 -0.960688 -0.960688
        0   0.27763   0.27763
        1         0         0
        0 -0.972844 -0.972844
        0  0.231462  0.231462
        1         0         0
        0 -0.982783 -0.982783
        0  0.184766  0.184766
        1         0         0
        0 -0.990481 -0.990481
        0  0.137649  0.137649
        1         0         0
        0 -0.995922 -0.995922
        0 0.0902177 0.0902177
        1         0         0
        0 -0.999093 -0.999093
        0 0.0425812 0.0425812
        1         0         0
          0   -0.999987   -0.999987
          0 -0.00515239 -0.00515239
          1           0           0
         0  -0.998601  -0.998601
         0 -0.0528742 -0.0528742
         1          0          0
        0  -0.99494  -0.99494
        0 -0.100476 -0.100476
        1         0         0
        0  -0.98901  -0.98901
        0 -0.147848 -0.147848
        1         0         0
        0 -0.980826 -0.980826
        0 -0.194883 -0.194883
        1         0         0
        0 -0.970407 -0.970407
        0 -0.241474 -0.241474
        1         0         0
        0 -0.957776 -0.957776
        0 -0.287515 -0.287515
        1         0         0
        0 -0.942962 -0.942962
        0   -0.3329   -0.3329
        1         0         0
        0 -0.925999 -0.925999
        0 -0.377527 -0.377527
        1         0         0
        0 -0.906924 -0.906924
        0 -0.421293 -0.421293
        1         0         0
        0 -0.885783 -0.885783
        0 -0.464099 -0.464099
        1         0         0
        0 -0.862623 -0.862623
        0 -0.505847 -0.505847
        1         0         0
        0 -0.837497 -0.837497
        0 -0.546442 -0.546442
        1         0         0
        0 -0.810462 -0.810462
        0 -0.585792 -0.585792
        1         0         0
        0 -0.781579 -0.781579
        0 -0.623806 -0.623806
        1         0         0
        0 -0.750915 -0.750915
        0 -0.660399 -0.660399
        1         0         0
        0  -0.71854  -0.71854
        0 -0.695486 -0.695486
        1         0         0
        0 -0.684526 -0.684526
        0 -0.728988 -0.728988
        1         0         0
        0 -0.648953 -0.648953
        0 -0.760829 -0.760829
        1         0         0
        0   -0.6119   -0.6119
        0 -0.790935 -0.790935
        1         0         0
        0 -0.573453 -0.573453
        0 -0.819239 -0.819239
        1         0         0
        0 -0.533698 -0.533698
        0 -0.845675 -0.845675
        1         0         0
        0 -0.492727 -0.492727
        0 -0.870184 -0.870184
        1         0         0
        0 -0.450633 -0.450633
        0 -0.892709 -0.892709
        1         0         0
        0 -0.407512 -0.407512
        0   -0.9132   -0.9132
        1         0         0
        0 -0.363462 -0.363462
        0 -0.931609 -0.931609
        1         0         0
        0 -0.318584 -0.318584
        0 -0.947895 -0.947895
        1         0         0
       0 -0.27298 -0.27298
       0 -0.96202 -0.96202
       1        0        0
        0 -0.226753 -0.226753
        0 -0.973952 -0.973952
        1         0         0
        0 -0.180009 -0.180009
        0 -0.983665 -0.983665
        1         0         0
        0 -0.132855 -0.132855
        0 -0.991135 -0.991135
        1         0         0
         0 -0.0853988 -0.0853988
         0  -0.996347  -0.996347
         1          0          0
         0 -0.0377475 -0.0377475
         0  -0.999287  -0.999287
         1          0          0
         0 0.00998986 0.00998986
         0   -0.99995   -0.99995
         1          0          0
        0 0.0577044 0.0577044
        0 -0.998334 -0.998334
        1         0         0
        0  0.105287  0.105287
        0 -0.994442 -0.994442
        1         0         0
        0  0.152631  0.152631
        0 -0.988283 -0.988283
        1         0         0
        0  0.199626  0.199626
        0 -0.979872 -0.979872
        1         0         0
        0  0.246166  0.246166
        0 -0.969228 -0.969228
        1         0         0
        0  0.292145  0.292145
        0 -0.956374 -0.956374
        1         0         0
        0  0.337458  0.337458
        0 -0.941341 -0.941341
        1         0         0
        0  0.382002  0.382002
        0 -0.924161 -0.924161
        1         0         0
        0  0.425676  0.425676
        0 -0.904876 -0.904876
        1         0         0
        0  0.468379  0.468379
        0 -0.883528 -0.883528
        1         0         0
        0  0.510014  0.510014
        0 -0.860166 -0.860166
        1         0         0
        0  0.550487  0.550487
        0 -0.834844 -0.834844
        1         0         0
        0  0.589706  0.589706
        0 -0.807618 -0.807618
        1         0         0
        0   0.62758   0.62758
        0 -0.778552 -0.778552
        1         0         0
        0  0.664024  0.664024
        0 -0.747712 -0.747712
        1         0         0
        0  0.698954  0.698954
        0 -0.715167 -0.715167
        1         0         0
        0  0.732291  0.732291
        0 -0.680992 -0.680992
        1         0         0
        0  0.763959  0.763959
        0 -0.645265 -0.645265
        1         0         0
        0  0.793886  0.793886
        0 -0.608067 -0.608067
        1         0         0
        0  0.822003  0.822003
        0 -0.569483 -0.569483
        1         0         0
        0  0.848247  0.848247
        0 -0.529601 -0.529601
        1         0         0
        0  0.872557  0.872557
        0 -0.488512 -0.488512
        1         0         0
       0 0.894879 0.894879
       0 -0.44631 -0.44631
       1        0        0
       0  0.91516  0.91516
       0 -0.40309 -0.40309
       1        0        0
        0  0.933356  0.933356
        0 -0.358951 -0.358951
        1         0         0
        0  0.949425  0.949425
        0 -0.313995 -0.313995
        1         0         0
        0  0.963329  0.963329
        0 -0.268323 -0.268323
        1         0         0
        0  0.975038  0.975038
        0 -0.222039 -0.222039
        1         0         0
        0  0.984524  0.984524
        0 -0.175249 -0.175249
        1         0         0
        0  0.991767  0.991767
        0 -0.128059 -0.128059
        1         0         0
         0   0.996748   0.996748
         0 -0.0805779 -0.0805779
         1          0          0
         0   0.999458   0.999458
         0 -0.0329129 -0.0329129
         1          0          0
        0   0.99989   0.99989
        0 0.0148271 0.0148271
        1         0         0
        0  0.998043  0.998043
        0 0.0625333 0.0625333
        1         0         0
       0 0.993921 0.993921
       0 0.110097 0.110097
       1        0        0
       0 0.987533 0.987533
       0  0.15741  0.15741
       1        0        0
       0 0.978895 0.978895
       0 0.204364 0.204364
       1        0        0
       0 0.968026 0.968026
       0 0.250852 0.250852
       1        0        0
       0  0.95495  0.95495
       0 0.296768 0.296768
       1        0        0
       0 0.939697 0.939697
       0 0.342008 0.342008
       1        0        0
       0 0.922303 0.922303
       0 0.386468 0.386468
       1        0        0
       0 0.902806 0.902806
       0 0.430048 0.430048
       1        0        0
       0 0.881252 0.881252
       0 0.472647 0.472647
       1        0        0
       0 0.857689 0.857689
       0 0.514169 0.514169
       1        0        0
       0 0.832171 0.832171
       0 0.554519 0.554519
       1        0        0
       0 0.804756 0.804756
       0 0.593606 0.593606
       1        0        0
       0 0.775507 0.775507
       0 0.631339 0.631339
       1        0        0
       0 0.744491 0.744491
       0 0.667633 0.667633
       1        0        0
       0 0.711777 0.711777
       0 0.702405 0.702405
       1        0        0
       0 0.677441 0.677441
       0 0.735577 0.735577
       1        0        0
       0 0.641561 0.641561
       0 0.767072 0.767072
       1        0        0
       0 0.604219 0.604219
       0 0.796818 0.796818
       1        0        0
       0   0.5655   0.5655
       0 0.824748 0.824748
       1        0        0
       0 0.525491 0.525491
       0 0.850799 0.850799
       1        0        0
       0 0.484285 0.484285
       0  0.87491  0.87491
       1        0        0
       0 0.441975 0.441975
       0 0.897027 0.897027
       1        0        0
       0 0.398658 0.398658
       0   0.9171   0.9171
       1        0        0
       0 0.354432 0.354432
       0 0.935082 0.935082
       1        0        0
       0 0.309398 0.309398
       0 0.950933 0.950933
       1        0        0
       0 0.263659 0.263659
       0 0.964616 0.964616
       1        0        0
       0 0.217319 0.217319
       0 0.976101 0.976101
       1        0        0
       0 0.170484 0.170484
       0  0.98536  0.98536
       1        0        0
       0  0.12326  0.12326
       0 0.992374 0.992374
       1        0        0
        0 0.0757551 0.0757551
        0  0.997126  0.997126
        1         0         0
        0 0.0280775 0.0280775
        0  0.999606  0.999606
        1         0         0
        0 -0.019664 -0.019664
        0  0.999807  0.999807
        1         0         0
         0 -0.0673607 -0.0673607
         0   0.997729   0.997729
         1          0          0
        0 -0.114904 -0.114904
        0  0.993377  0.993377
        1         0         0
        0 -0.162185 -0.162185
        0   0.98676   0.98676
        1         0         0
        0 -0.209097 -0.209097
        0  0.977895  0.977895
        1         0         0
        0 -0.255532 -0.255532
        0  0.966801  0.966801
        1         0         0
        0 -0.301384 -0.301384
        0  0.953503  0.953503
        1         0         0
       0 -0.34655 -0.34655
       0 0.938032 0.938032
       1        0        0
        0 -0.390926 -0.390926
        0  0.920422  0.920422
        1         0         0
       0 -0.43441 -0.43441
       0 0.900715 0.900715
       1        0        0
        0 -0.476905 -0.476905
        0  0.878955  0.878955
        1         0         0
        0 -0.518313 -0.518313
        0  0.855191  0.855191
        1         0         0
        0 -0.558539 -0.558539
        0  0.829478  0.829478
        1         0         0
        0 -0.597492 -0.597492
        0  0.801875  0.801875
        1         0         0
        0 -0.635083 -0.635083
        0  0.772444  0.772444
        1         0         0
        0 -0.671227 -0.671227
        0  0.741252  0.741252
        1         0         0
        0 -0.705841 -0.705841
        0  0.708371  0.708371
        1         0         0
        0 -0.738845 -0.738845
        0  0.673875  0.673875
        1         0         0
        0 -0.770166 -0.770166
        0  0.637843  0.637843
        1         0         0
        0 -0.799732 -0.799732
        0  0.600357  0.600357
        1         0         0
        0 -0.827474 -0.827474
        0  0.561503  0.561503
        1         0         0
        0 -0.853331 -0.853331
        0  0.521369  0.521369
        1         0         0
        0 -0.877243 -0.877243
        0  0.480047  0.480047
        1         0         0
        0 -0.899155 -0.899155
        0  0.437631  0.437631
        1         0         0
        0 -0.919017 -0.919017
        0  0.394217  0.394217
        1         0         0
        0 -0.936785 -0.936785
        0  0.349904  0.349904
        1         0         0
        0 -0.952418 -0.952418
        0  0.304794  0.304794
        1         0         0
       0 -0.96588 -0.96588
       0  0.25899  0.25899
       1        0        0
       0 -0.97714 -0.97714
       0 0.212595 0.212595
       1        0        0
        0 -0.986174 -0.986174
        0  0.165715  0.165715
        1         0         0
        0 -0.992959 -0.992959
        0  0.118458  0.118458
        1         0         0
        0 -0.997481 -0.997481
        0 0.0709305 0.0709305
        1         0         0
        0  -0.99973  -0.99973
        0 0.0232415 0.0232415
        1         0         0
         0    -0.9997    -0.9997
         0 -0.0245004 -0.0245004
         1          0          0
         0  -0.997391  -0.997391
         0 -0.0721865 -0.0721865
         1          0          0
        0 -0.992809 -0.992809
        0 -0.119708 -0.119708
        1         0         0
        0 -0.985964 -0.985964
        0 -0.166957 -0.166957
        1         0         0
        0 -0.976872 -0.976872
        0 -0.213825 -0.213825
        1         0         0
        0 -0.965553 -0.965553
        0 -0.260206 -0.260206
        1         0         0
        0 -0.952034 -0.952034
        0 -0.305993 -0.305993
        1         0         0
        0 -0.936344 -0.936344
        0 -0.351084 -0.351084
        1         0         0
        0  -0.91852  -0.91852
        0 -0.395374 -0.395374
        1         0         0
        0 -0.898603 -0.898603
        0 -0.438763 -0.438763
        1         0         0
        0 -0.876638 -0.876638
        0 -0.481151 -0.481151
        1         0         0
        0 -0.852674 -0.852674
        0 -0.522444 -0.522444
        1         0         0
        0 -0.826767 -0.826767
        0 -0.562545 -0.562545
        1         0         0
        0 -0.798975 -0.798975
        0 -0.601364 -0.601364
        1         0         0
        0 -0.769363 -0.769363
        0 -0.638812 -0.638812
        1         0         0
        0 -0.737996 -0.737996
        0 -0.674805 -0.674805
        1         0         0
        0 -0.704948 -0.704948
        0 -0.709259 -0.709259
        1         0         0
        0 -0.670293 -0.670293
        0 -0.742097 -0.742097
        1         0         0
        0  -0.63411  -0.63411
        0 -0.773243 -0.773243
        1         0         0
        0 -0.596482 -0.596482
        0 -0.802627 -0.802627
        1         0         0
        0 -0.557494 -0.557494
        0 -0.830181 -0.830181
        1         0         0
        0 -0.517235 -0.517235
        0 -0.855843 -0.855843
        1         0         0
        0 -0.475798 -0.475798
        0 -0.879555 -0.879555
        1         0         0
        0 -0.433276 -0.433276
        0 -0.901261 -0.901261
        1         0         0
        0 -0.389766 -0.389766
        0 -0.920914 -0.920914
        1         0         0
        0 -0.345368 -0.345368
        0 -0.938467 -0.938467
        1         0         0
        0 -0.300183 -0.300183
        0 -0.953882 -0.953882
        1         0         0
        0 -0.254314 -0.254314
        0 -0.967122 -0.967122
        1         0         0
        0 -0.207865 -0.207865
        0 -0.978157 -0.978157
        1         0         0
        0 -0.160942 -0.160942
        0 -0.986964 -0.986964
        1         0         0
        0 -0.113653 -0.113653
        0 -0.993521 -0.993521
        1         0         0
         0 -0.0661043 -0.0661043
         0  -0.997813  -0.997813
         1          0          0
        0 -0.018405 -0.018405
        0 -0.999831 -0.999831
        1         0         0
        0 0.0293363 0.0293363
        0  -0.99957  -0.99957
        1         0         0
        0 0.0770106 0.0770106
        0  -0.99703  -0.99703
        1         0         0
        0  0.124509  0.124509
        0 -0.992218 -0.992218
        1         0         0
        0  0.171725  0.171725
        0 -0.985145 -0.985145
        1         0         0
        0  0.218548  0.218548
        0 -0.975826 -0.975826
        1         0         0
        0  0.264874  0.264874
        0 -0.964283 -0.964283
        1         0         0
        0  0.310595  0.310595
        0 -0.950542 -0.950542
        1         0         0
        0  0.355609  0.355609
        0 -0.934635 -0.934635
        1         0         0
        0  0.399813  0.399813
        0 -0.916597 -0.916597
        1         0         0
       0 0.443105 0.443105
       0 -0.89647 -0.89647
       1        0        0
       0 0.485387 0.485387
       0  -0.8743  -0.8743
       1        0        0
        0  0.526562  0.526562
        0 -0.850137 -0.850137
        1         0         0
        0  0.566538  0.566538
        0 -0.824036 -0.824036
        1         0         0
        0  0.605222  0.605222
        0 -0.796057 -0.796057
        1         0         0
        0  0.642527  0.642527
        0 -0.766263 -0.766263
        1         0         0
        0  0.678367  0.678367
        0 -0.734723 -0.734723
        1         0         0
        0  0.712661  0.712661
        0 -0.701509 -0.701509
        1         0         0
        0  0.745331  0.745331
        0 -0.666695 -0.666695
        1         0         0
        0  0.776301  0.776301
        0 -0.630362 -0.630362
        1         0         0
        0  0.805503  0.805503
        0 -0.592592 -0.592592
        1         0         0
        0  0.832868  0.832868
        0 -0.553471 -0.553471
        1         0         0
        0  0.858335  0.858335
        0 -0.513089 -0.513089
        1         0         0
        0  0.881846  0.881846
        0 -0.471537 -0.471537
        1         0         0
        0  0.903347  0.903347
        0 -0.428911 -0.428911
        1         0         0
        0  0.922789  0.922789
        0 -0.385307 -0.385307
        1         0         0
        0  0.940127  0.940127
        0 -0.340825 -0.340825
        1         0         0
        0  0.955323  0.955323
        0 -0.295565 -0.295565
        1         0         0
        0  0.968341  0.968341
        0 -0.249633 -0.249633
        1         0         0
        0  0.979152  0.979152
        0 -0.203131 -0.203131
        1         0         0
        0  0.987731  0.987731
        0 -0.156166 -0.156166
        1         0         0
        0  0.994059  0.994059
        0 -0.108845 -0.108845
        1         0         0
         0   0.998121   0.998121
         0 -0.0612765 -0.0612765
         1          0          0
        0  0.999908  0.999908
        0 -0.013568 -0.013568
        1         0         0
        0  0.999416  0.999416
        0 0.0341714 0.0341714
        1         0         0
        0  0.996646  0.996646
        0 0.0818329 0.0818329
        1         0         0
       0 0.991604 0.991604
       0 0.129308 0.129308
       1        0        0
       0 0.984303 0.984303
       0 0.176488 0.176488
       1        0        0
       0 0.974758 0.974758
       0 0.223266 0.223266
       1        0        0
       0  0.96299  0.96299
       0 0.269535 0.269535
       1        0        0
       0 0.949029 0.949029
       0  0.31519  0.31519
       1        0        0
       0 0.932903 0.932903
       0 0.360126 0.360126
       1        0        0
       0 0.914652 0.914652
       0 0.404242 0.404242
       1        0        0
       0 0.894316 0.894316
       0 0.447436 0.447436
       1        0        0
       0 0.871941 0.871941
       0  0.48961  0.48961
       1        0        0
       0 0.847579 0.847579
       0 0.530669 0.530669
       1        0        0
       0 0.821285 0.821285
       0 0.570518 0.570518
       1        0        0
       0  0.79312  0.79312
       0 0.609066 0.609066
       1        0        0
       0 0.763146 0.763146
       0 0.646226 0.646226
       1        0        0
       0 0.731433 0.731433
       0 0.681913 0.681913
       1        0        0
       0 0.698053 0.698053
       0 0.716046 0.716046
       1        0        0
       0 0.663082 0.663082
       0 0.748547 0.748547
       1        0        0
       0 0.626599 0.626599
       0 0.779342 0.779342
       1        0        0
       0 0.588688 0.588688
       0  0.80836  0.80836
       1        0        0
       0 0.549436 0.549436
       0 0.835536 0.835536
       1        0        0
       0 0.549436 0.549436
       0 0.835536 0.835536
       1        0        0
       0 0.509068 0.509068
       0 0.860726 0.860726
       1        0        0
       0 0.467688 0.467688
       0 0.883894 0.883894
       1        0        0
       0   0.4254   0.4254
       0 0.905005 0.905005
       1        0        0
       0 0.382309 0.382309
       0 0.924034 0.924034
       1        0        0
       0  0.33852  0.33852
       0 0.940959 0.940959
       1        0        0
       0 0.294137 0.294137
       0 0.955763 0.955763
       1        0        0
       0 0.249263 0.249263
       0 0.968436 0.968436
       1        0        0
       0 0.204004 0.204004
       0  0.97897  0.97897
       1        0        0
       0 0.158461 0.158461
       0 0.987365 0.987365
       1        0        0
       0 0.112737 0.112737
       0 0.993625 0.993625
       1        0        0
        0 0.0669314 0.0669314
        0  0.997758  0.997758
        1         0         0
        0 0.0211433 0.0211433
        0  0.999776  0.999776
        1         0         0
         0 -0.0245301 -0.0245301
         0   0.999699   0.999699
         1          0          0
         0 -0.0699936 -0.0699936
         0   0.997547   0.997547
         1          0          0
        0 -0.115154 -0.115154
        0  0.993348  0.993348
        1         0         0
       0 -0.15992 -0.15992
       0  0.98713  0.98713
       1        0        0
        0 -0.204204 -0.204204
        0  0.978928  0.978928
        1         0         0
       0 -0.24792 -0.24792
       0 0.968781 0.968781
       1        0        0
        0 -0.290984 -0.290984
        0  0.956728  0.956728
        1         0         0
        0 -0.333316 -0.333316
        0  0.942815  0.942815
        1         0         0
        0 -0.374839 -0.374839
        0   0.92709   0.92709
        1         0         0
        0 -0.415478 -0.415478
        0  0.909603  0.909603
        1         0         0
        0 -0.455162 -0.455162
        0  0.890409  0.890409
        1         0         0
        0 -0.493823 -0.493823
        0  0.869563  0.869563
        1         0         0
        0 -0.531396 -0.531396
        0  0.847123  0.847123
        1         0         0
        0 -0.567821 -0.567821
        0  0.823152  0.823152
        1         0         0
        0 -0.603039 -0.603039
        0  0.797711  0.797711
        1         0         0
        0 -0.636997 -0.636997
        0  0.770866  0.770866
        1         0         0
        0 -0.669642 -0.669642
        0  0.742684  0.742684
        1         0         0
        0 -0.700929 -0.700929
        0  0.713231  0.713231
        1         0         0
        0 -0.730812 -0.730812
        0  0.682578  0.682578
        1         0         0
        0 -0.759253 -0.759253
        0  0.650795  0.650795
        1         0         0
        0 -0.786215 -0.786215
        0  0.617953  0.617953
        1         0         0
        0 -0.811664 -0.811664
        0  0.584125  0.584125
        1         0         0
        0 -0.835571 -0.835571
        0  0.549383  0.549383
        1         0         0
       0 -0.85791 -0.85791
       0   0.5138   0.5138
       1        0        0
        0 -0.878659 -0.878659
        0  0.477451  0.477451
        1         0         0
        0 -0.897798 -0.897798
        0  0.440407  0.440407
        1         0         0
        0 -0.915313 -0.915313
        0  0.402744  0.402744
        1         0         0
       0 -0.93119 -0.93119
       0 0.364534 0.364534
       1        0        0
        0 -0.945421 -0.945421
        0  0.325851  0.325851
        1         0         0
        0 -0.958001 -0.958001
        0  0.286766  0.286766
        1         0         0
        0 -0.968926 -0.968926
        0  0.247352  0.247352
        1         0         0
        0 -0.978197 -0.978197
        0   0.20768   0.20768
        1         0         0
        0 -0.985818 -0.985818
        0  0.167821  0.167821
        1         0         0
        0 -0.991794 -0.991794
        0  0.127842  0.127842
        1         0         0
        0 -0.996137 -0.996137
        0 0.0878137 0.0878137
        1         0         0
        0 -0.998857 -0.998857
        0 0.0478017 0.0478017
        1         0         0
         0  -0.999969  -0.999969
         0 0.00787198 0.00787198
         1          0          0
         0  -0.999491  -0.999491
         0 -0.0319113 -0.0319113
         1          0          0
         0  -0.997442  -0.997442
         0 -0.0714852 -0.0714852
         1          0          0
        0 -0.993844 -0.993844
        0 -0.110789 -0.110789
        1         0         0
        0 -0.988722 -0.988722
        0 -0.149762 -0.149762
        1         0         0
        0 -0.982102 -0.982102
        0 -0.188348 -0.188348
        1         0         0
        0 -0.974013 -0.974013
        0  -0.22649  -0.22649
        1         0         0
        0 -0.964486 -0.964486
        0 -0.264135 -0.264135
        1         0         0
        0 -0.953552 -0.953552
        0 -0.301229 -0.301229
        1         0         0
        0 -0.941245 -0.941245
        0 -0.337723 -0.337723
        1         0         0
        0 -0.927603 -0.927603
        0 -0.373569 -0.373569
        1         0         0
        0  -0.91266  -0.91266
        0 -0.408719 -0.408719
        1         0         0
        0 -0.896457 -0.896457
        0 -0.443131 -0.443131
        1         0         0
        0 -0.879032 -0.879032
        0 -0.476762 -0.476762
        1         0         0
        0 -0.860428 -0.860428
        0 -0.509572 -0.509572
        1         0         0
        0 -0.840686 -0.840686
        0 -0.541523 -0.541523
        1         0         0
        0 -0.819849 -0.819849
        0  -0.57258  -0.57258
        1         0         0
        0 -0.797961 -0.797961
        0 -0.602709 -0.602709
        1         0         0
        0 -0.775067 -0.775067
        0 -0.631878 -0.631878
        1         0         0
        0 -0.751213 -0.751213
        0  -0.66006  -0.66006
        1         0         0
        0 -0.726444 -0.726444
        0 -0.687226 -0.687226
        1         0         0
        0 -0.700807 -0.700807
        0 -0.713351 -0.713351
        1         0         0
        0 -0.674348 -0.674348
        0 -0.738414 -0.738414
        1         0         0
        0 -0.647115 -0.647115
        0 -0.762393 -0.762393
        1         0         0
        0 -0.619154 -0.619154
        0 -0.785269 -0.785269
        1         0         0
        0 -0.590515 -0.590515
        0 -0.807027 -0.807027
        1         0         0
        0 -0.561243 -0.561243
        0 -0.827651 -0.827651
        1         0         0
        0 -0.531386 -0.531386
        0  -0.84713  -0.84713
        1         0         0
        0 -0.500992 -0.500992
        0 -0.865452 -0.865452
        1         0         0
        0 -0.470107 -0.470107
        0 -0.882609 -0.882609
        1         0         0
        0 -0.438778 -0.438778
        0 -0.898595 -0.898595
        1         0         0
        0 -0.407052 -0.407052
        0 -0.913405 -0.913405
        1         0         0
        0 -0.374975 -0.374975
        0 -0.927035 -0.927035
        1         0         0
        0 -0.342591 -0.342591
        0 -0.939484 -0.939484
        1         0         0
        0 -0.309947 -0.309947
        0 -0.950754 -0.950754
        1         0         0
        0 -0.277086 -0.277086
        0 -0.960845 -0.960845
        1         0         0
        0 -0.244052 -0.244052
        0 -0.969762 -0.969762
        1         0         0
        0 -0.210887 -0.210887
        0  -0.97751  -0.97751
        1         0         0
        0 -0.177635 -0.177635
        0 -0.984097 -0.984097
        1         0         0
        0 -0.144336 -0.144336
        0 -0.989529 -0.989529
        1         0         0
        0  -0.11103  -0.11103
        0 -0.993817 -0.993817
        1         0         0
         0 -0.0777587 -0.0777587
         0  -0.996972  -0.996972
         1          0          0
         0 -0.0445591 -0.0445591
         0  -0.999007  -0.999007
         1          0          0
         0 -0.0114694 -0.0114694
         0  -0.999934  -0.999934
         1          0          0
        0 0.0214738 0.0214738
        0 -0.999769 -0.999769
        1         0         0
        0 0.0542347 0.0542347
        0 -0.998528 -0.998528
        1         0         0
        0 0.0867788 0.0867788
        0 -0.996228 -0.996228
        1         0         0
        0  0.119073  0.119073
        0 -0.992886 -0.992886
        1         0         0
        0  0.151083  0.151083
        0 -0.988521 -0.988521
        1         0         0
        0   0.18278   0.18278
        0 -0.983154 -0.983154
        1         0         0
        0  0.214132  0.214132
        0 -0.976805 -0.976805
        1         0         0
        0  0.214132  0.214132
        0 -0.976805 -0.976805
        1         0         0
